label,wordsPerMinute,attention,browFurrow,browRaise,cheekRaise,chinRaise,dimpler,eyeClosure,eyeWiden,innerBrowRaise,jawDrop,lidTighten,lipCornerDepressor,lipPress,lipPucker,lipSuck,mouthOpen,noseWrinkle,smile,smirk,upperLipRaise,active_socialNetwork,active_shopping,active_entertainment,active_general,active_work,active_other,open_socialNetwork,open_shopping,open_entertainment,open_general,open_work
1,13.0,98.467041015625,2.354205025767442e-05,0.40934857726097107,0.00388016807846725,3.0524253845214844,1.831430435180664,5.764157776866341e-06,0.10949282348155975,0.15672029554843903,0.6997308135032654,0.019418947398662567,0.004683718550950289,0.2068287879228592,0.1431405395269394,0.07384517788887024,0.05833708122372627,0.0012917519779875875,1.6161411622306332e-06,0.008111076429486275,8.48766831040848e-06,0,0,0,0,0,1,0,0,0,0,0
1,13.0,98.1964111328125,0.0009594144066795707,0.06671491265296936,0.09766904264688492,0.03582846373319626,0.11910593509674072,0.00013108516577631235,1.1386271715164185,0.030505884438753128,0.47637829184532166,0.027622085064649582,0.00043253295007161796,0.04821738600730896,0.06705032289028168,0.005293380469083786,0.24783527851104736,0.0036752258893102407,2.6493358745938167e-05,0.00124423170927912,2.3766804702063382e-07,0,0,0,0,0,1,0,0,0,0,0
1,13.0,98.40616607666016,0.00022671959595754743,0.22665013372898102,0.00016912032151594758,0.0062034339644014835,2.055532217025757,3.5412078602803376e-08,0.2461121678352356,1.1855064630508423,0.029314998537302017,0.012334927916526794,0.0009391286876052618,0.25535881519317627,0.002325654961168766,0.013664047233760357,0.36915865540504456,0.00034387651248835027,7.835763426555786e-06,0.020024986937642097,6.283323017441944e-08,0,0,0,0,0,1,0,0,0,0,0
1,13.0,97.07612609863281,4.812094266526401e-05,0.4250112771987915,0.000214404848520644,0.6496718525886536,2.8060758113861084,8.949756136189535e-08,0.010751715861260891,3.607837200164795,0.2585836350917816,0.011556957848370075,0.002107140840962529,0.05356975644826889,3.1462061405181885,0.010025665163993835,0.15123090147972107,0.0002523481089156121,1.3858910961062065e-06,0.005695064086467028,6.642885068686155e-07,0,0,0,0,0,1,0,0,0,0,0
1,13.0,97.73605346679688,0.001299064140766859,0.6656579375267029,3.2904354156926274e-05,0.13218386471271515,0.059552427381277084,2.537347256748035e-07,0.0027665270026773214,4.026700973510742,0.12708494067192078,0.0032430244609713554,0.0013196419458836317,0.0009353487403132021,2.870157480239868,0.0008919701213017106,0.16843684017658234,0.0009471335215494037,8.823216717246396e-07,0.00197422388009727,3.025794285349548e-06,0,0,0,0,0,1,0,0,0,0,0
1,13.0,97.961181640625,0.0002756110916379839,0.18288855254650116,0.049956027418375015,0.3062357008457184,0.01129877008497715,0.0009522869950160384,0.0037262034602463245,0.3198525309562683,0.5231401920318604,0.013546950183808804,0.015090244822204113,0.002210883656516671,1.6596890687942505,0.00481827137991786,0.12724009156227112,0.000347722670994699,9.260837430247193e-08,0.0003445050970185548,4.355972123448737e-06,0,0,0,0,1,0,0,0,0,0,2
1,13.0,98.3831558227539,0.005426555871963501,0.06436675041913986,0.010171923786401749,0.14993087947368622,0.06093107536435127,2.063905048999004e-05,0.006355769466608763,0.19816508889198303,1.9832836389541626,0.01939435489475727,0.03276286646723747,0.07437825947999954,2.6708385944366455,0.012228229083120823,0.32073426246643066,0.0014584505697712302,1.9037955212297675e-07,0.0003850776993203908,9.569024769007228e-06,0,0,0,0,1,0,0,0,0,0,2
1,13.0,69.45738220214844,6.677688361378387e-05,14.346006393432617,0.0005946535966359079,14.144696235656738,0.10772521048784256,0.0023906633723527193,0.016653936356306076,0.0348215326666832,4.225362300872803,0.18663708865642548,96.0455551147461,0.04372328892350197,6.435070991516113,34.50333023071289,0.7516501545906067,0.0012840204872190952,5.6496647360404495e-09,0.011188703589141369,8.339949999935925e-06,0,0,0,0,1,0,0,0,0,0,2
1,12.0,69.45738220214844,6.677688361378387e-05,14.346006393432617,0.0005946535966359079,14.144696235656738,0.10772521048784256,0.0023906633723527193,0.016653936356306076,0.0348215326666832,4.225362300872803,0.18663708865642548,96.0455551147461,0.04372328892350197,6.435070991516113,34.50333023071289,0.7516501545906067,0.0012840204872190952,5.6496647360404495e-09,0.011188703589141369,8.339949999935925e-06,0,0,0,0,1,0,0,0,0,0,2
1,12.0,88.40947723388672,0.0149128008633852,3.9677858352661133,0.000486560573335737,0.05505064129829407,0.014780477620661259,7.491866540476622e-07,0.6314487457275391,0.44826146960258484,0.18126019835472107,0.010428311303257942,5.345783233642578,2.625483751296997,1.2061243057250977,0.17959749698638916,2.2160160541534424,0.005780552048236132,3.815153490904777e-07,0.06417740881443024,4.116768468520604e-05,0,0,0,0,1,0,0,0,0,0,2
1,12.0,89.80537414550781,0.001310531864874065,0.13313846290111542,0.27032825350761414,0.05252620950341225,0.0010514712193980813,55.285865783691406,0.07270215451717377,0.11669190973043442,0.11106456816196442,0.010631201788783073,0.01759186014533043,0.00013688956096302718,0.9130597114562988,0.0006227719713933766,5.446349620819092,0.00344092701561749,6.190931344463024e-06,0.003463900648057461,1.8233658920507878e-05,0,0,0,0,1,0,0,0,0,0,2
1,12.0,92.30538177490234,0.0038916340563446283,0.5154043436050415,0.004643018823117018,0.04386230185627937,0.02138543128967285,7.03500836607418e-06,0.3390178084373474,0.28340277075767517,0.0426488071680069,0.013561075553297997,0.00412443233653903,0.0062532066367566586,0.5807199478149414,0.004488636739552021,0.5880352258682251,0.0021181656047701836,3.2708592243579915e-06,0.0008553782245144248,4.923842880089069e-06,0,0,0,0,1,0,0,0,0,0,2
1,12.0,92.32379150390625,0.0002712276764214039,3.52014422416687,0.0030178201850503683,0.06691814213991165,0.06596048921346664,5.373144813347608e-05,1.5004963874816895,0.1747669279575348,0.018694022670388222,0.006639404222369194,0.00987588707357645,0.04032124578952789,0.15770362317562103,0.01225448027253151,0.15369443595409393,0.0030721614602953196,2.358967634563669e-07,0.002377843949943781,3.1452125313080614e-06,0,0,0,0,1,0,0,0,0,0,2
1,12.0,95.1033706665039,0.00015028152847662568,1.9825389385223389,0.003359852358698845,0.09898446500301361,0.17200827598571777,6.764274439774454e-05,14.920499801635742,0.24961067736148834,0.0254177488386631,0.005662873852998018,0.002734492300078273,0.012780208140611649,1.3098573684692383,0.004798416048288345,0.18632476031780243,0.0012208337429910898,8.041279784265498e-07,0.003801886457949877,1.7653679833529168e-06,0,0,0,0,1,0,0,0,0,0,2
1,12.0,95.1033706665039,0.00015028152847662568,1.9825389385223389,0.003359852358698845,0.09898446500301361,0.17200827598571777,6.764274439774454e-05,14.920499801635742,0.24961067736148834,0.0254177488386631,0.005662873852998018,0.002734492300078273,0.012780208140611649,1.3098573684692383,0.004798416048288345,0.18632476031780243,0.0012208337429910898,8.041279784265498e-07,0.003801886457949877,1.7653679833529168e-06,0,0,0,0,1,0,0,0,0,0,2
1,12.0,96.94383239746094,0.0014142213622108102,0.05409535765647888,0.000579828629270196,0.07935162633657455,0.049935031682252884,7.234839813463623e-06,0.0012768476735800505,0.2526743710041046,1.658961534500122,0.020573729649186134,0.002582104643806815,0.02052374929189682,0.03080768510699272,0.0005921703414060175,0.5272625684738159,0.00048682792112231255,1.144667152175316e-07,0.0005310133565217257,1.1384628123778384e-05,0,0,0,0,1,0,0,0,0,0,2
1,12.0,96.94571685791016,0.00039521310827694833,1.1670130491256714,0.0005782520747743547,0.5744189620018005,0.6982811689376831,3.026247341608723e-08,0.027573512867093086,1.607228398323059,0.38285771012306213,0.00755251245573163,0.0016442793421447277,0.10752108693122864,2.6134870052337646,0.0036311147268861532,0.05815349146723747,0.00021639927581418306,2.01570117042138e-07,0.002394496463239193,4.726785391540034e-06,0,0,0,0,1,0,0,0,0,0,2
1,12.0,93.80438232421875,0.00043383962474763393,0.7577546238899231,0.0023930082097649574,0.05678467079997063,0.04685555770993233,2.3442598831024952e-05,0.1930191069841385,0.32608526945114136,0.043206457048654556,0.008275536820292473,0.002721344819292426,0.010511035099625587,2.9209046363830566,0.002296262653544545,0.10066067427396774,0.0012131365947425365,4.379145366328885e-07,0.0012669474817812443,1.1271405355728348e-06,0,0,0,0,1,0,0,0,0,0,2
1,12.0,87.60059356689453,0.00032066856510937214,2.8593170642852783,0.0021183695644140244,0.007465433795005083,0.009080533869564533,7.4457566370256245e-06,8.688066482543945,0.018120545893907547,0.05711803585290909,0.003942874725908041,0.004506079480051994,0.15417008101940155,0.03507965803146362,0.0374845452606678,0.5168598890304565,0.003259246004745364,2.637342220168648e-07,0.007315934635698795,5.6820067584339995e-06,0,0,0,0,1,0,0,0,0,0,2
1,12.0,95.63660430908203,4.228206671541557e-05,1.5162880420684814,0.08726094663143158,0.0004926796536892653,0.02451648749411106,7.445537164585403e-08,24.105457305908203,0.12571315467357635,0.17551189661026,0.0022459649480879307,0.00010984314576489851,0.04138156399130821,0.2975427210330963,0.04130326956510544,0.5134885907173157,0.002498399931937456,1.0346967371788196e-07,0.00039809627924114466,3.7079385037941393e-06,0,0,0,0,1,0,0,0,0,0,2
1,7.0,91.59162902832031,0.0010084706591442227,0.20174281299114227,0.3075697422027588,0.0020132362842559814,0.13029147684574127,1.5446750694536604e-05,17.18532943725586,0.03587425872683525,0.35958725214004517,0.011703000403940678,0.00016228445747401565,0.04362455755472183,3.4930996894836426,0.09568914026021957,0.7864066362380981,0.005291149485856295,2.463863779667008e-07,0.0014691802207380533,1.4613628991355654e-06,0,0,0,0,1,0,0,0,0,0,2
1,7.0,96.36837768554688,0.00015698235074523836,0.9830301403999329,0.2156628519296646,0.0013475262094289064,0.0032382530625909567,2.9609700504806824e-05,6.308516979217529,0.09213700145483017,0.6987885236740112,0.00526729691773653,0.0002855945785995573,0.005608545150607824,0.6315438747406006,0.010283672250807285,0.38470110297203064,0.002077458892017603,1.879255648873368e-07,0.0004466670216061175,1.0539904451434268e-06,0,0,0,0,1,0,0,0,0,0,2
1,7.0,98.52923583984375,0.0010151247261092067,0.5225895643234253,0.4148632884025574,0.14157985150814056,1.4543880224227905,0.0027379055973142385,1.2170268297195435,0.35867488384246826,3.9361636638641357,0.027503907680511475,0.008399981074035168,1.8676234483718872,0.45397117733955383,0.23215827345848083,2.7815873622894287,0.0024412383791059256,7.467759587598266e-06,0.007103558164089918,1.2773857633874286e-06,0,0,0,0,1,0,0,0,0,0,2
1,7.0,97.1700210571289,0.0005293095018714666,0.20551934838294983,0.019838348031044006,0.014865338802337646,0.008014270104467869,0.00012010710634058341,0.09814392775297165,0.1326586902141571,0.157533198595047,0.04857727140188217,0.010313092730939388,0.0013682112330570817,0.07106801867485046,0.0012684321263805032,0.3415454030036926,0.001918033929541707,3.211314947293431e-07,0.001967489719390869,1.4332014188767062e-06,0,0,0,0,1,0,0,0,0,0,2
1,7.0,98.01528930664062,0.09164529293775558,0.02562897279858589,0.12167450040578842,6.040546894073486,0.15007692575454712,0.024803871288895607,0.005976344458758831,0.040786657482385635,0.42902547121047974,1.1240330934524536,0.0006630495772697031,0.034457530826330185,0.4889383018016815,0.017734138295054436,0.26222777366638184,0.0026420734357088804,1.6549643987673335e-05,0.02154744789004326,0.00040193781023845077,0,0,0,0,1,0,0,0,0,0,2
1,7.0,98.51383972167969,0.00369928777217865,2.772357940673828,0.3034369945526123,62.96074295043945,0.4369053840637207,7.42160264053382e-05,0.11835818737745285,0.26549074053764343,2.7905566692352295,0.5952848792076111,0.23296813666820526,0.07447854429483414,0.16837158799171448,0.7125061750411987,0.0124810840934515,0.003961311653256416,5.329122245711915e-07,0.003731260308995843,0.00012008672638330609,0,0,0,0,1,0,0,0,0,0,2
1,7.0,98.51383972167969,0.00369928777217865,2.772357940673828,0.3034369945526123,62.96074295043945,0.4369053840637207,7.42160264053382e-05,0.11835818737745285,0.26549074053764343,2.7905566692352295,0.5952848792076111,0.23296813666820526,0.07447854429483414,0.16837158799171448,0.7125061750411987,0.0124810840934515,0.003961311653256416,5.329122245711915e-07,0.003731260308995843,0.00012008672638330609,0,0,0,0,1,0,0,0,0,0,2
1,7.0,98.63924407958984,0.005979297216981649,0.1261952519416809,0.03815537318587303,4.582809925079346,0.005986663047224283,0.00015654729213565588,0.053824104368686676,0.10384751856327057,0.07539457082748413,0.06242099776864052,0.017308473587036133,0.010890324600040913,0.25646236538887024,0.045144788920879364,0.05413205176591873,0.0018295689951628447,1.1593944691412617e-05,0.001947158481925726,0.001438700477592647,0,0,0,0,1,0,0,0,0,0,2
1,7.0,98.4910888671875,0.004595786798745394,0.5344624519348145,0.01651288941502571,4.974637985229492,0.01192038506269455,0.0016770594520494342,1.3304669857025146,0.14949966967105865,0.056530557572841644,0.06624571233987808,0.05516080930829048,0.02306274138391018,0.04705875366926193,0.018175659701228142,0.01688220165669918,0.0010644783033058047,7.771001833134505e-07,0.008107997477054596,0.00017710156680550426,0,0,0,0,1,0,0,0,0,0,2
1,7.0,98.4002456665039,0.008382088504731655,0.573549211025238,0.0063913315534591675,0.16641278564929962,0.003868146101012826,0.001838573138229549,0.20213422179222107,0.07250650972127914,0.08786115050315857,0.061923377215862274,0.014560271985828876,0.005753796547651291,0.07843180000782013,0.00877494178712368,0.03525298833847046,0.001233911607414484,1.7639668214997073e-07,0.0005122480797581375,0.000508258817717433,0,0,0,0,1,0,0,0,0,0,2
1,7.0,98.4002456665039,0.008382088504731655,0.573549211025238,0.0063913315534591675,0.16641278564929962,0.003868146101012826,0.001838573138229549,0.20213422179222107,0.07250650972127914,0.08786115050315857,0.061923377215862274,0.014560271985828876,0.005753796547651291,0.07843180000782013,0.00877494178712368,0.03525298833847046,0.001233911607414484,1.7639668214997073e-07,0.0005122480797581375,0.000508258817717433,0,0,0,0,1,0,0,0,0,0,2
1,7.0,94.9212875366211,0.017331229522824287,0.10961749404668808,0.0009194278391078115,0.10831527411937714,0.011121783405542374,3.0706253255630145e-06,0.008886381052434444,0.1404758095741272,0.11920927464962006,0.014834031462669373,0.13481689989566803,0.006643058266490698,2.067899227142334,0.0007343261386267841,0.913684606552124,0.0011414842447265983,1.9225076641760097e-07,0.002499162685126066,2.075918246191577e-06,0,0,0,0,1,0,0,0,0,0,2
1,32.0,97.13086700439453,0.0005819380749017,0.14874422550201416,0.025232525542378426,0.041885219514369965,0.0022295499220490456,0.00013422664778772742,0.012458384968340397,0.2879771590232849,0.06863398849964142,0.011356993578374386,0.002081631449982524,0.0011192203965038061,4.286024570465088,0.00033040682319551706,0.29407232999801636,0.001492758747190237,2.5894914870150387e-06,0.0026938740629702806,4.699968030763557e-06,0,0,0,0,1,0,0,0,0,0,2
1,32.0,96.4954605102539,0.00426456006243825,0.40219491720199585,0.004556381143629551,0.008966556750237942,0.01439917366951704,1.2939000043843407e-05,0.015926064923405647,0.36185121536254883,0.20149490237236023,0.018299175426363945,0.0009552549454383552,0.009323693811893463,16.183574676513672,0.0004474835004657507,1.9664515256881714,0.0023304084315896034,2.6464361368994105e-08,0.00024389332975260913,1.5817344319657423e-05,0,0,0,0,1,0,0,0,0,0,2
1,32.0,96.4954605102539,0.00426456006243825,0.40219491720199585,0.004556381143629551,0.008966556750237942,0.01439917366951704,1.2939000043843407e-05,0.015926064923405647,0.36185121536254883,0.20149490237236023,0.018299175426363945,0.0009552549454383552,0.009323693811893463,16.183574676513672,0.0004474835004657507,1.9664515256881714,0.0023304084315896034,2.6464361368994105e-08,0.00024389332975260913,1.5817344319657423e-05,0,0,0,0,1,0,0,0,0,0,2
1,32.0,98.22048950195312,0.00012182877981103957,0.8153834342956543,0.09424413740634918,0.059232424944639206,1.473919153213501,0.00037411891389638186,14.206949234008789,0.04631785675883293,0.24861204624176025,0.017474133521318436,0.0005466403090395033,0.10517877340316772,0.5077369809150696,0.006324119865894318,0.29802846908569336,0.0015171871054917574,5.210500830798992e-07,0.0007891639834269881,7.052956061670557e-05,0,0,0,0,1,0,0,0,0,0,2
1,32.0,98.01056671142578,1.312262156716315e-05,4.005005359649658,0.005538308992981911,22.13249397277832,9.436301231384277,7.367610077579911e-09,0.723397970199585,2.0915451049804688,1.7048146724700928,0.014951257966458797,0.014741222374141216,2.9580674171447754,0.5127726793289185,0.5074470043182373,0.06552022695541382,0.0006474400288425386,5.469188408824266e-07,0.005127187818288803,3.059634764213115e-05,0,0,1,0,0,0,0,0,1,0,2
0,32.0,98.59053039550781,0.10526919364929199,0.02601197361946106,0.00019135477486997843,3.766197551158257e-05,0.008900425396859646,0.008355282247066498,3.6846096515655518,8.509842155035585e-05,0.6392199397087097,0.008163103833794594,0.004405303858220577,1.2309671640396118,0.0014058667002245784,0.28282901644706726,5.836217880249023,0.03299746289849281,1.5741739844088443e-05,0.002147797727957368,5.579923708864953e-06,1,0,0,0,0,0,1,0,1,0,2
0,32.0,97.64717102050781,0.04198914021253586,0.107367604970932,0.003646483412012458,0.0002913001808337867,0.007669499609619379,0.0004917976330034435,11.525510787963867,0.0002762618532869965,2.8142199516296387,0.02037093974649906,0.0019877071026712656,0.18367452919483185,0.004252429585903883,0.18871678411960602,2.202028274536133,0.036039069294929504,1.9549870557966642e-05,0.0006987990927882493,8.847976459946949e-06,1,0,0,0,0,0,1,0,1,0,2
0,32.0,96.91808319091797,0.06861099600791931,0.09442933648824692,0.006385221146047115,0.001289221690967679,0.022716030478477478,0.004883458372205496,11.763258934020996,0.0004728002822957933,1.4489206075668335,0.03305060788989067,0.0013629551976919174,0.04581407830119133,0.10057584196329117,0.07295303791761398,1.8145670890808105,0.03376723453402519,2.5837693101493642e-05,0.003592786844819784,5.0922979426104575e-05,1,0,0,0,0,0,1,0,1,0,2
0,32.0,97.73918151855469,0.030097655951976776,0.017058154568076134,0.0003757562080863863,7.189601456047967e-05,0.014056453481316566,0.014747761189937592,0.023256395012140274,0.0017057852819561958,0.023125363513827324,0.005775152239948511,0.012230771593749523,0.006786797195672989,0.001024832483381033,0.12172062695026398,0.7733854651451111,0.0071874926798045635,3.0261219308158616e-07,0.005056711379438639,1.9831461486319313e-06,1,0,0,0,0,0,1,0,1,0,2
0,32.0,97.73918151855469,0.030097655951976776,0.017058154568076134,0.0003757562080863863,7.189601456047967e-05,0.014056453481316566,0.014747761189937592,0.023256395012140274,0.0017057852819561958,0.023125363513827324,0.005775152239948511,0.012230771593749523,0.006786797195672989,0.001024832483381033,0.12172062695026398,0.7733854651451111,0.0071874926798045635,3.0261219308158616e-07,0.005056711379438639,1.9831461486319313e-06,1,0,0,0,0,0,1,0,1,0,2
0,32.0,97.16483306884766,0.04773712903261185,0.012783022597432137,0.0019864733330905437,0.0005672191618941724,0.006260294932872057,0.017865009605884552,0.022344127297401428,0.002787097357213497,0.09337176382541656,0.00718730827793479,0.016625376418232918,0.009799936786293983,0.007709793746471405,0.02308439090847969,0.4029681086540222,0.002900217892602086,7.755321007607563e-07,0.0027965730987489223,1.2802143828594126e-05,1,0,0,0,0,0,1,0,1,0,2
0,32.0,97.40644836425781,0.08033208549022675,0.017369462177157402,0.0005455591599456966,0.0011525946902111173,0.013230590149760246,0.035104282200336456,0.10988520085811615,0.0028960087802261114,0.05258013308048248,0.01182582601904869,0.010142236948013306,0.0042195999994874,0.009890051558613777,0.03048047423362732,0.1574804186820984,0.0018626631936058402,3.073518541896192e-07,0.003007715567946434,5.056573627371108e-06,1,0,0,0,0,0,1,0,1,0,2
0,32.0,97.40644836425781,0.08033208549022675,0.017369462177157402,0.0005455591599456966,0.0011525946902111173,0.013230590149760246,0.035104282200336456,0.10988520085811615,0.0028960087802261114,0.05258013308048248,0.01182582601904869,0.010142236948013306,0.0042195999994874,0.009890051558613777,0.03048047423362732,0.1574804186820984,0.0018626631936058402,3.073518541896192e-07,0.003007715567946434,5.056573627371108e-06,1,0,0,0,0,0,1,0,1,0,2
0,32.0,97.40644836425781,0.08033208549022675,0.017369462177157402,0.0005455591599456966,0.0011525946902111173,0.013230590149760246,0.035104282200336456,0.10988520085811615,0.0028960087802261114,0.05258013308048248,0.01182582601904869,0.010142236948013306,0.0042195999994874,0.009890051558613777,0.03048047423362732,0.1574804186820984,0.0018626631936058402,3.073518541896192e-07,0.003007715567946434,5.056573627371108e-06,1,0,0,0,0,0,1,0,1,0,2
0,32.0,97.40644836425781,0.08033208549022675,0.017369462177157402,0.0005455591599456966,0.0011525946902111173,0.013230590149760246,0.035104282200336456,0.10988520085811615,0.0028960087802261114,0.05258013308048248,0.01182582601904869,0.010142236948013306,0.0042195999994874,0.009890051558613777,0.03048047423362732,0.1574804186820984,0.0018626631936058402,3.073518541896192e-07,0.003007715567946434,5.056573627371108e-06,1,0,0,0,0,0,1,0,1,0,2
0,32.0,97.40644836425781,0.08033208549022675,0.017369462177157402,0.0005455591599456966,0.0011525946902111173,0.013230590149760246,0.035104282200336456,0.10988520085811615,0.0028960087802261114,0.05258013308048248,0.01182582601904869,0.010142236948013306,0.0042195999994874,0.009890051558613777,0.03048047423362732,0.1574804186820984,0.0018626631936058402,3.073518541896192e-07,0.003007715567946434,5.056573627371108e-06,1,0,0,0,0,0,1,0,1,0,2
0,32.0,98.27445220947266,0.1741470992565155,0.0473221018910408,0.006510598119348288,0.0009406749159097672,0.005895838141441345,0.00041055423207581043,0.4561469554901123,0.0007190416217781603,0.4615866541862488,0.09275908023118973,0.0014252002583816648,0.010458297096192837,0.28516528010368347,0.020063061267137527,0.3996793031692505,0.010693689808249474,5.432025318441447e-06,0.0013611041940748692,3.127708623651415e-05,1,0,0,0,0,0,1,0,1,0,2
0,32.0,98.27445220947266,0.1741470992565155,0.0473221018910408,0.006510598119348288,0.0009406749159097672,0.005895838141441345,0.00041055423207581043,0.4561469554901123,0.0007190416217781603,0.4615866541862488,0.09275908023118973,0.0014252002583816648,0.010458297096192837,0.28516528010368347,0.020063061267137527,0.3996793031692505,0.010693689808249474,5.432025318441447e-06,0.0013611041940748692,3.127708623651415e-05,1,0,0,0,0,0,1,0,1,0,2
0,32.0,98.27445220947266,0.1741470992565155,0.0473221018910408,0.006510598119348288,0.0009406749159097672,0.005895838141441345,0.00041055423207581043,0.4561469554901123,0.0007190416217781603,0.4615866541862488,0.09275908023118973,0.0014252002583816648,0.010458297096192837,0.28516528010368347,0.020063061267137527,0.3996793031692505,0.010693689808249474,5.432025318441447e-06,0.0013611041940748692,3.127708623651415e-05,1,0,0,0,0,0,1,0,1,0,2
0,32.0,96.60599517822266,0.015656350180506706,0.2193097323179245,0.002522840164601803,0.014402111992239952,0.05241614952683449,5.6695836974540725e-05,1.95727789105149e-05,0.0009145088260993361,0.15321211516857147,0.019861780107021332,0.0006629655254073441,0.07161621004343033,0.003537942422553897,0.004670520778745413,0.16104155778884888,0.00012799157411791384,2.6993384381057695e-05,0.020292731001973152,4.701168898613162e-10,1,0,0,0,0,0,1,0,1,0,2
0,32.0,97.86846160888672,0.01861126720905304,0.2236173450946808,0.03332829102873802,0.002020032610744238,0.009093592874705791,0.0010594672057777643,5.980301466479432e-06,0.0020149131305515766,0.22875116765499115,0.01253299880772829,0.00024400594702456146,0.3067447543144226,0.0006464560283347964,0.0008590848883613944,0.3514917194843292,0.00014291350089479238,1.9677325326483697e-05,0.020593231543898582,3.368044176887963e-10,1,0,0,0,0,0,1,0,1,0,2
0,32.0,97.86846160888672,0.01861126720905304,0.2236173450946808,0.03332829102873802,0.002020032610744238,0.009093592874705791,0.0010594672057777643,5.980301466479432e-06,0.0020149131305515766,0.22875116765499115,0.01253299880772829,0.00024400594702456146,0.3067447543144226,0.0006464560283347964,0.0008590848883613944,0.3514917194843292,0.00014291350089479238,1.9677325326483697e-05,0.020593231543898582,3.368044176887963e-10,1,0,0,0,0,0,1,0,1,0,2
0,32.0,97.86846160888672,0.01861126720905304,0.2236173450946808,0.03332829102873802,0.002020032610744238,0.009093592874705791,0.0010594672057777643,5.980301466479432e-06,0.0020149131305515766,0.22875116765499115,0.01253299880772829,0.00024400594702456146,0.3067447543144226,0.0006464560283347964,0.0008590848883613944,0.3514917194843292,0.00014291350089479238,1.9677325326483697e-05,0.020593231543898582,3.368044176887963e-10,1,0,0,0,0,0,1,0,1,0,2
0,32.0,97.86846160888672,0.01861126720905304,0.2236173450946808,0.03332829102873802,0.002020032610744238,0.009093592874705791,0.0010594672057777643,5.980301466479432e-06,0.0020149131305515766,0.22875116765499115,0.01253299880772829,0.00024400594702456146,0.3067447543144226,0.0006464560283347964,0.0008590848883613944,0.3514917194843292,0.00014291350089479238,1.9677325326483697e-05,0.020593231543898582,3.368044176887963e-10,1,0,0,0,0,0,1,0,1,0,2
0,32.0,43.29306411743164,0.002636468270793557,0.016016310080885887,0.043101269751787186,0.6751863956451416,0.000682779704220593,7.0800251960754395,4.462791594050941e-07,0.0002648131048772484,0.010801289230585098,0.009514416567981243,0.000447089783847332,0.003829537658020854,0.06500435620546341,1.2700141668319702,2.4841787815093994,0.38648998737335205,1.0955753326416016,0.07099846005439758,2.589689074738999e-06,1,0,0,0,0,0,1,0,1,0,2
0,32.0,43.29306411743164,0.002636468270793557,0.016016310080885887,0.043101269751787186,0.6751863956451416,0.000682779704220593,7.0800251960754395,4.462791594050941e-07,0.0002648131048772484,0.010801289230585098,0.009514416567981243,0.000447089783847332,0.003829537658020854,0.06500435620546341,1.2700141668319702,2.4841787815093994,0.38648998737335205,1.0955753326416016,0.07099846005439758,2.589689074738999e-06,1,0,0,0,0,0,1,0,1,0,2
0,32.0,43.29306411743164,0.002636468270793557,0.016016310080885887,0.043101269751787186,0.6751863956451416,0.000682779704220593,7.0800251960754395,4.462791594050941e-07,0.0002648131048772484,0.010801289230585098,0.009514416567981243,0.000447089783847332,0.003829537658020854,0.06500435620546341,1.2700141668319702,2.4841787815093994,0.38648998737335205,1.0955753326416016,0.07099846005439758,2.589689074738999e-06,1,0,0,0,0,0,1,0,1,0,2
1,3.0,43.29306411743164,0.002636468270793557,0.016016310080885887,0.043101269751787186,0.6751863956451416,0.000682779704220593,7.0800251960754395,4.462791594050941e-07,0.0002648131048772484,0.010801289230585098,0.009514416567981243,0.000447089783847332,0.003829537658020854,0.06500435620546341,1.2700141668319702,2.4841787815093994,0.38648998737335205,1.0955753326416016,0.07099846005439758,2.589689074738999e-06,1,0,0,0,0,0,1,0,1,0,2
1,3.0,95.86389923095703,1.7588199341389554e-07,86.90491485595703,0.0036479374393820763,71.6912841796875,92.53939819335938,6.431769006276511e-10,0.22591742873191833,7.047988414764404,19.404996871948242,0.010163749568164349,0.02754400484263897,18.589319229125977,49.09495544433594,1.127487301826477,0.052235230803489685,0.0002177255810238421,2.01130865207233e-06,5.788560390472412,0.008140924386680126,0,0,0,0,1,0,0,0,0,0,2
1,3.0,97.28083038330078,1.629267899261322e-05,30.00109100341797,0.01661667600274086,0.387708842754364,11.37450885772705,9.472540227761783e-07,1.074989914894104,0.17255741357803345,1.3901921510696411,0.015549009665846825,0.0016880363691598177,3.3437888622283936,0.09322815388441086,0.1250537633895874,0.08680124580860138,0.00036723146331496537,7.639233245981814e-08,0.05959291011095047,9.361399861518294e-06,0,0,0,0,1,0,0,0,0,0,2
1,3.0,95.4149398803711,1.0735640898928978e-05,1.0294381380081177,0.03222419694066048,1.253298282623291,0.407880038022995,2.0607150872820057e-05,0.9390780925750732,0.012437008321285248,10.04360580444336,0.006374842021614313,0.006469786632806063,1.8802615404129028,0.002831161953508854,0.48115238547325134,0.07329775393009186,0.00024620903423056006,1.9692589603437227e-07,0.006936701480299234,9.167299140244722e-06,0,0,0,0,1,0,0,0,0,0,2
1,3.0,95.2994384765625,0.0019730760250240564,8.149507522583008,0.046090018004179,0.03373698890209198,0.031590066850185394,3.0220229746191762e-05,36.77291488647461,0.10870824009180069,0.028755946084856987,0.009449712932109833,0.015026492066681385,0.5036964416503906,0.19455668330192566,0.18768678605556488,0.022704510018229485,0.003411690006032586,5.8035581673721026e-08,0.0021936516277492046,5.127283770889335e-07,0,0,0,0,1,0,0,0,0,0,2
1,3.0,97.45670318603516,0.0003718949155882001,2.2786948680877686,0.021308736875653267,0.3586222231388092,0.012069417163729668,4.3435934458102565e-06,1.968008041381836,0.15496720373630524,0.031210152432322502,0.008940601721405983,0.02800285629928112,0.010181725025177002,0.4332388639450073,0.009189130738377571,0.00609094463288784,0.0006402243743650615,7.986082550814899e-08,0.005996896885335445,3.370562069449079e-07,0,0,0,0,1,0,0,0,0,0,2
1,3.0,95.5385971069336,0.0023871981538832188,0.1259484887123108,0.0730985626578331,0.07733370363712311,0.00213745073415339,77.61609649658203,0.14859437942504883,0.06294406205415726,0.0755058005452156,0.003957022912800312,0.0038749841041862965,0.0009243053500540555,0.09610471874475479,0.0024532785173505545,0.025406770408153534,0.0011959269177168608,1.195920447116805e-07,0.0024879430420696735,8.206513939512661e-07,0,0,0,0,1,0,0,0,0,0,2
1,3.0,97.46683502197266,0.001555565744638443,0.7713207602500916,0.14663299918174744,0.23270273208618164,0.029202722012996674,3.8146222891555226e-07,0.2724131643772125,0.14698129892349243,0.5001999735832214,0.009796787053346634,0.017444433644413948,0.023762622848153114,0.0732160359621048,0.006836599670350552,0.03182561323046684,0.0020740400068461895,2.052506999916659e-07,0.007993540726602077,5.247042054179474e-07,0,0,0,0,1,0,0,0,0,0,2
1,3.0,97.46683502197266,0.001555565744638443,0.7713207602500916,0.14663299918174744,0.23270273208618164,0.029202722012996674,3.8146222891555226e-07,0.2724131643772125,0.14698129892349243,0.5001999735832214,0.009796787053346634,0.017444433644413948,0.023762622848153114,0.0732160359621048,0.006836599670350552,0.03182561323046684,0.0020740400068461895,2.052506999916659e-07,0.007993540726602077,5.247042054179474e-07,0,0,0,0,1,0,0,0,0,0,2
1,3.0,97.46683502197266,0.001555565744638443,0.7713207602500916,0.14663299918174744,0.23270273208618164,0.029202722012996674,3.8146222891555226e-07,0.2724131643772125,0.14698129892349243,0.5001999735832214,0.009796787053346634,0.017444433644413948,0.023762622848153114,0.0732160359621048,0.006836599670350552,0.03182561323046684,0.0020740400068461895,2.052506999916659e-07,0.007993540726602077,5.247042054179474e-07,0,0,0,0,1,0,0,0,0,0,2
1,3.0,97.46683502197266,0.001555565744638443,0.7713207602500916,0.14663299918174744,0.23270273208618164,0.029202722012996674,3.8146222891555226e-07,0.2724131643772125,0.14698129892349243,0.5001999735832214,0.009796787053346634,0.017444433644413948,0.023762622848153114,0.0732160359621048,0.006836599670350552,0.03182561323046684,0.0020740400068461895,2.052506999916659e-07,0.007993540726602077,5.247042054179474e-07,0,0,0,0,1,0,0,0,0,0,2
1,36.0,98.5140151977539,0.00013474930892698467,1.7615857124328613,0.7553973197937012,0.8055641055107117,0.13888347148895264,86.21495056152344,0.14904175698757172,0.10644099861383438,0.9607932567596436,0.055044058710336685,0.0050174337811768055,0.046747464686632156,0.5355111956596375,0.02902098372578621,0.11012396961450577,0.0009769645985215902,5.080556206848996e-07,0.0025907547678798437,5.752274319092976e-06,0,0,0,0,1,0,0,0,0,0,2
1,36.0,97.72632598876953,0.0002003690751735121,5.721409797668457,0.009158940985798836,0.013799173757433891,0.442633718252182,9.969654968244868e-08,17.750999450683594,0.8988690376281738,0.023406976833939552,0.005217508878558874,0.0017054388299584389,0.26430264115333557,1.2607605457305908,0.011479317210614681,0.05931117758154869,0.0016777762211859226,2.3462523586204043e-06,0.00196593115106225,7.428238404827425e-06,0,0,0,0,1,0,0,0,0,0,2
1,36.0,94.39433288574219,5.654173219227232e-05,11.0897855758667,0.057188525795936584,0.004046077374368906,0.00923244934529066,7.788685252307914e-08,19.016347885131836,0.07451273500919342,0.04417842999100685,0.0026667285710573196,0.00036685168743133545,0.01497013121843338,0.12159814685583115,0.016645092517137527,0.3881379961967468,0.0008693315903656185,7.9235303473979e-07,0.0008516308153048158,3.4053873605444096e-06,0,0,0,0,1,0,0,0,0,0,2
1,36.0,96.97737884521484,1.7432645108783618e-05,3.6254804134368896,0.0054695578292012215,0.04866082966327667,0.7092364430427551,4.5625515809888384e-08,0.9174996018409729,0.1266474574804306,1.603080153465271,0.004178981762379408,0.00033544228062964976,0.07618792355060577,0.11433787643909454,0.029753778129816055,0.21469074487686157,0.0005601357552222908,9.501347335572063e-07,0.0004337879072409123,1.270965367439203e-05,0,0,0,0,1,0,0,0,0,0,2
1,36.0,95.4394302368164,0.00018759745580609888,0.6262046694755554,0.0004980101366527379,0.015081469900906086,0.0024561367463320494,5.235058324615238e-06,2.6767289638519287,0.1470886915922165,0.08841988444328308,0.008209207095205784,0.0024234605953097343,0.012171691283583641,0.06505073606967926,0.001579361385665834,0.07111408561468124,0.0003474379482213408,1.5214119741813192e-07,0.00220528244972229,1.7243218053408782e-06,0,0,0,0,1,0,0,0,0,0,2
1,36.0,96.97174072265625,0.0003287839354015887,0.310375452041626,0.14919015765190125,0.012590277940034866,0.005545745138078928,0.00016709088231436908,2.416590929031372,0.02876688726246357,0.4125635623931885,0.03447999432682991,0.0013795208651572466,0.01111661083996296,0.15820512175559998,0.010355912148952484,0.06169106811285019,0.004812108818441629,3.168736384395743e-07,0.0008528913604095578,9.265280823456123e-06,0,0,0,0,1,0,0,0,0,0,2
1,36.0,96.97174072265625,0.0003287839354015887,0.310375452041626,0.14919015765190125,0.012590277940034866,0.005545745138078928,0.00016709088231436908,2.416590929031372,0.02876688726246357,0.4125635623931885,0.03447999432682991,0.0013795208651572466,0.01111661083996296,0.15820512175559998,0.010355912148952484,0.06169106811285019,0.004812108818441629,3.168736384395743e-07,0.0008528913604095578,9.265280823456123e-06,0,0,0,0,1,0,0,0,0,0,2
1,36.0,97.48949432373047,0.00020860873337369412,1.0301759243011475,3.2622296810150146,28.00910758972168,2.30415940284729,0.00021255383035168052,0.6763127446174622,0.13711877167224884,21.743650436401367,0.1550280898809433,0.0047966185957193375,2.115009069442749,0.01593332551419735,0.520115315914154,0.07076912373304367,0.0025625412818044424,3.3480850447631383e-07,0.010705373249948025,0.00029835663735866547,0,0,0,0,0,1,0,0,0,0,2
1,36.0,97.48949432373047,0.00020860873337369412,1.0301759243011475,3.2622296810150146,28.00910758972168,2.30415940284729,0.00021255383035168052,0.6763127446174622,0.13711877167224884,21.743650436401367,0.1550280898809433,0.0047966185957193375,2.115009069442749,0.01593332551419735,0.520115315914154,0.07076912373304367,0.0025625412818044424,3.3480850447631383e-07,0.010705373249948025,0.00029835663735866547,0,0,0,0,0,1,0,0,0,0,2
1,36.0,97.48949432373047,0.00020860873337369412,1.0301759243011475,3.2622296810150146,28.00910758972168,2.30415940284729,0.00021255383035168052,0.6763127446174622,0.13711877167224884,21.743650436401367,0.1550280898809433,0.0047966185957193375,2.115009069442749,0.01593332551419735,0.520115315914154,0.07076912373304367,0.0025625412818044424,3.3480850447631383e-07,0.010705373249948025,0.00029835663735866547,0,0,0,0,0,1,0,0,0,0,2
1,36.0,96.62323760986328,0.0003486408095341176,0.22478888928890228,0.01371077075600624,0.022418327629566193,0.0061607700772583485,5.615819645754527e-06,0.02345963753759861,0.5348935723304749,0.39967992901802063,0.01837877370417118,0.0016224983846768737,0.006296997889876366,0.25374650955200195,0.00023205250909086317,0.07109744846820831,0.0013538597850129008,7.954735536941371e-08,0.000898898986633867,1.6178179066628218e-05,0,0,0,0,0,1,0,0,0,0,2
1,36.0,95.77040100097656,0.00024610714172013104,1.1264958381652832,0.01136272307485342,0.14799626171588898,0.11297179013490677,6.032357305230107e-06,1.3932743072509766,0.4556081295013428,0.715196967124939,0.007776654791086912,0.018821492791175842,0.0388374961912632,0.5182868838310242,0.001179505605250597,0.21312585473060608,0.000862830551341176,1.039967543192688e-07,0.0005646964418701828,0.00018094488768838346,0,0,0,0,0,1,0,0,0,0,2
1,11.0,97.18476867675781,3.7461235478986055e-05,4.002267360687256,0.0038189685437828302,0.30353522300720215,0.5928935408592224,8.837893972213351e-09,9.723062515258789,0.8855169415473938,0.1155911237001419,0.002713225781917572,0.009610259905457497,0.40349969267845154,1.422851800918579,0.027537599205970764,0.086483433842659,0.0009939841693267226,3.4224393630211125e-07,0.0025433809496462345,0.00018071947852149606,0,0,0,0,0,1,0,0,0,0,2
1,11.0,95.80130767822266,0.000530606834217906,2.6680409908294678,0.0016741352155804634,0.15885715186595917,0.19881413877010345,4.6868686354173406e-07,0.5737079977989197,0.2622291147708893,0.05438469350337982,0.01348027866333723,0.013962781988084316,0.10945809632539749,4.718336582183838,0.032974254339933395,0.028310520574450493,0.0009352167835459113,2.5609477916077594e-07,0.003404237562790513,1.0434536307002418e-05,0,0,0,0,0,1,0,0,0,0,2
1,11.0,96.53892517089844,0.0018249789718538523,1.0869324207305908,0.0034024720080196857,99.2197036743164,99.99987030029297,0.0015737427165731788,2.5028953552246094,0.07884890586137772,0.00027920716092921793,0.005389881785959005,0.0830875113606453,99.9999771118164,0.0002903715649154037,100.0,0.00018335352069698274,1.8864882804336958e-05,0.0005036863731220365,0.10667875409126282,2.6558666377241025e-08,0,0,0,0,0,0,0,0,0,0,2
1,11.0,96.53892517089844,0.0018249789718538523,1.0869324207305908,0.0034024720080196857,99.2197036743164,99.99987030029297,0.0015737427165731788,2.5028953552246094,0.07884890586137772,0.00027920716092921793,0.005389881785959005,0.0830875113606453,99.9999771118164,0.0002903715649154037,100.0,0.00018335352069698274,1.8864882804336958e-05,0.0005036863731220365,0.10667875409126282,2.6558666377241025e-08,0,0,0,0,0,1,0,0,0,0,2
1,11.0,98.49623107910156,0.0004821529728360474,0.4315222501754761,0.016571659594774246,2.799560070037842,1.0932408571243286,1.470570396122639e-06,0.09784255176782608,0.2567814290523529,1.881624698638916,0.03826070949435234,0.0032683589961379766,2.722698926925659,0.19304418563842773,0.031787194311618805,0.10050835460424423,0.0015026511391624808,5.134124307915044e-07,0.0028416544664651155,0.0001090956648113206,0,0,0,0,0,1,0,0,0,0,2
1,11.0,98.10289764404297,0.0001101580637623556,0.3793504238128662,0.007429597433656454,0.9155462384223938,0.27914097905158997,1.8138616724172607e-05,0.6023799180984497,0.25380468368530273,1.562404990196228,0.03197140619158745,0.01804421655833721,0.10200508683919907,0.5216969847679138,0.011400209739804268,0.058403339236974716,0.0020742162596434355,2.91414238517973e-07,0.002470598556101322,0.00022657868976239115,0,0,0,0,0,1,0,0,0,0,2
1,11.0,98.50989532470703,0.00014508157619275153,0.34858235716819763,0.0038393554277718067,3.2690625190734863,0.8539327383041382,8.977987135949661e-07,0.6765523552894592,0.9017471075057983,0.5477778315544128,0.03497418761253357,0.006389619316905737,0.07768090814352036,0.5958314538002014,0.04409058019518852,0.015701979398727417,0.0009029025677591562,5.542700023397629e-07,0.01408534124493599,6.084414417273365e-05,0,0,0,0,0,1,0,0,0,0,2
1,11.0,98.50989532470703,0.00014508157619275153,0.34858235716819763,0.0038393554277718067,3.2690625190734863,0.8539327383041382,8.977987135949661e-07,0.6765523552894592,0.9017471075057983,0.5477778315544128,0.03497418761253357,0.006389619316905737,0.07768090814352036,0.5958314538002014,0.04409058019518852,0.015701979398727417,0.0009029025677591562,5.542700023397629e-07,0.01408534124493599,6.084414417273365e-05,0,0,0,0,0,1,0,0,0,0,2
1,11.0,98.42811584472656,0.00013075243623461574,1.211382269859314,0.010145776905119419,3.271732807159424,0.2159174084663391,3.9658308992329694e-07,1.3622123003005981,0.46817314624786377,0.3287387788295746,0.02410672791302204,0.005063443444669247,0.0576799213886261,0.9829892516136169,0.008087487891316414,0.0713718831539154,0.0018057622946798801,4.1055332644646114e-07,0.013739106245338917,0.0011938768438994884,0,0,0,0,0,1,0,0,0,0,2
1,11.0,98.0228500366211,0.00021259071945678443,0.2235204428434372,0.014361191540956497,0.4694741368293762,0.027704978361725807,0.00010041358473245054,1.952014684677124,0.02355244569480419,0.22339627146720886,0.024075327441096306,0.007974423468112946,0.028776846826076508,0.2490333914756775,0.014357865788042545,0.020284784957766533,0.0007623805431649089,1.9722622823792335e-07,0.0015314636984840035,0.000108449297840707,0,0,0,0,0,1,0,0,0,0,2
1,11.0,98.23744201660156,0.000423477467847988,0.169016495347023,0.028168337419629097,0.08529895544052124,0.018526725471019745,8.811008592601866e-05,0.5201157927513123,0.033578284084796906,0.14479532837867737,0.027711793780326843,0.05146685242652893,0.01795467920601368,0.27428558468818665,0.03235931694507599,0.04572603851556778,0.0011920781107619405,1.4690839122977195e-07,0.00011615519179031253,2.9628024549310794e-06,0,0,0,0,0,1,0,0,0,0,2
1,11.0,98.56641387939453,0.0011586981127038598,0.2573257088661194,0.4532242715358734,1.0217469930648804,0.14268319308757782,5.17197668159497e-06,4.603701114654541,0.07876697182655334,0.11156979948282242,0.025139452889561653,0.00943620502948761,0.1993718147277832,1.4176764488220215,0.2630835771560669,0.07794062048196793,0.003691707272082567,2.504016265447717e-06,0.0007783880573697388,4.9012378440238535e-05,0,0,0,0,0,1,0,0,0,0,2
1,6.0,97.6807861328125,0.0001707487099338323,1.3900307416915894,0.016215339303016663,0.8776931166648865,0.019905611872673035,1.1040991012123413e-05,2.645624876022339,0.20413391292095184,0.0577397346496582,0.005725515075027943,0.008960813283920288,0.06446894258260727,2.1529815196990967,0.05432187393307686,0.04354109242558479,0.001955954357981682,3.7277709452609997e-07,0.0021323650144040585,0.00010709764319472015,0,0,0,0,0,1,0,0,0,0,2
1,6.0,97.6807861328125,0.0001707487099338323,1.3900307416915894,0.016215339303016663,0.8776931166648865,0.019905611872673035,1.1040991012123413e-05,2.645624876022339,0.20413391292095184,0.0577397346496582,0.005725515075027943,0.008960813283920288,0.06446894258260727,2.1529815196990967,0.05432187393307686,0.04354109242558479,0.001955954357981682,3.7277709452609997e-07,0.0021323650144040585,0.00010709764319472015,0,0,0,0,0,1,0,0,0,0,2
1,6.0,97.6807861328125,0.0001707487099338323,1.3900307416915894,0.016215339303016663,0.8776931166648865,0.019905611872673035,1.1040991012123413e-05,2.645624876022339,0.20413391292095184,0.0577397346496582,0.005725515075027943,0.008960813283920288,0.06446894258260727,2.1529815196990967,0.05432187393307686,0.04354109242558479,0.001955954357981682,3.7277709452609997e-07,0.0021323650144040585,0.00010709764319472015,0,0,0,0,0,1,0,0,0,0,2
1,6.0,95.35782623291016,0.00027619602042250335,1.2043472528457642,0.005327019840478897,0.007157003041356802,0.00196548318490386,1.8532458852860145e-05,1.475210428237915,0.44316565990448,0.1493462771177292,0.007293337024748325,0.009839714504778385,0.019455604255199432,0.0864534080028534,0.0025272518396377563,0.09207144379615784,0.002673063427209854,1.439902774791335e-07,0.0029830411076545715,6.323858087853296e-06,0,0,0,0,0,1,0,0,0,0,2
1,6.0,94.89881134033203,0.00014921177353244275,1.3130369186401367,0.050215382128953934,0.001695253886282444,0.001456350670196116,6.698755896650255e-06,0.373546302318573,0.03894072771072388,0.09624367952346802,0.019542336463928223,0.0043901847675442696,0.04046708717942238,0.32930871844291687,0.024653753265738487,0.0827932357788086,0.006800505798310041,2.9438332660447486e-08,0.0005763290100730956,8.057388185989112e-06,0,0,0,0,0,1,0,0,0,0,2
1,6.0,93.24559020996094,0.00042567207128740847,0.8571429252624512,0.08952581882476807,0.0302081611007452,0.0027302373200654984,9.085828060051426e-05,8.396158218383789,0.09001841396093369,0.12764886021614075,0.010023687034845352,0.007122239097952843,0.009622822515666485,0.5112909078598022,0.011998387984931469,0.06899313628673553,0.003956913482397795,1.9694429909122846e-07,0.0009579909383319318,2.3756874725222588e-05,0,0,0,0,0,1,0,0,0,0,2
1,6.0,95.86701965332031,0.0009839379927143455,0.14613068103790283,0.365461140871048,0.01597907580435276,0.0808817446231842,0.00014517430099658668,0.40352559089660645,0.085170678794384,0.6609610319137573,0.02825319580733776,0.003136521903797984,0.01647958904504776,0.8832952976226807,0.014925945550203323,0.3092118203639984,0.01017299946397543,4.797401516043465e-07,0.0009227350237779319,9.2331556516001e-06,0,0,0,0,0,1,0,0,0,0,2
1,6.0,96.42387390136719,0.0009810782503336668,0.3036218285560608,6.585996627807617,0.05247891694307327,0.061339594423770905,0.0014615555992349982,2.7579636573791504,0.036039602011442184,1.5362931489944458,0.03638537973165512,0.008808131329715252,0.027267536148428917,0.44440212845802307,0.13642358779907227,0.06096157431602478,0.009995262138545513,2.1218333756678476e-07,0.0007664044387638569,6.117030352470465e-06,0,0,0,0,0,1,0,0,0,0,2
1,6.0,96.67424774169922,0.0006799627444706857,0.30790647864341736,0.09812761843204498,0.03161543980240822,0.04813126474618912,0.0012428718619048595,0.6814192533493042,0.03245756775140762,0.738314151763916,0.023819489404559135,0.010999470017850399,0.24638541042804718,0.5986810922622681,0.12537254393100739,0.2081998586654663,0.023028090596199036,2.453195691032306e-07,0.000642637605778873,7.240582363010617e-06,0,0,0,0,0,1,0,0,0,0,2
1,6.0,96.67424774169922,0.0006799627444706857,0.30790647864341736,0.09812761843204498,0.03161543980240822,0.04813126474618912,0.0012428718619048595,0.6814192533493042,0.03245756775140762,0.738314151763916,0.023819489404559135,0.010999470017850399,0.24638541042804718,0.5986810922622681,0.12537254393100739,0.2081998586654663,0.023028090596199036,2.453195691032306e-07,0.000642637605778873,7.240582363010617e-06,0,0,0,0,0,1,0,0,0,0,2
1,6.0,97.07063293457031,0.00011616881238296628,0.29872480034828186,0.04125270992517471,0.055326491594314575,0.04518284648656845,0.0003159961779601872,5.86838960647583,0.04210277274250984,1.8638707399368286,0.030326412990689278,0.020444706082344055,0.3299168646335602,0.07600764185190201,0.11234986782073975,0.05525379255414009,0.0035846256650984287,9.155669289384605e-08,0.0014114525401964784,2.9492878184100846e-06,0,0,0,0,0,1,0,0,0,0,2
1,6.0,96.87760925292969,0.00012956649879924953,0.2087656408548355,0.0011794267920777202,0.0526423379778862,0.12227258086204529,0.0002893898927140981,2.335381031036377,0.10223342478275299,0.14607363939285278,0.012813495472073555,0.0027151957619935274,0.09057939052581787,0.16542744636535645,0.03127553313970566,0.037214495241642,0.004431034438312054,1.1859282267323579e-07,0.0009759132517501712,4.3605446080619e-06,0,0,0,0,0,1,0,0,0,0,2
0,14.0,98.64727020263672,2.349619990127394e-06,6.126797199249268,0.0007227981695905328,98.02879333496094,22.758113861083984,0.09377184510231018,0.0045770276337862015,14.741964340209961,20.689701080322266,0.016384029760956764,0.00831465981900692,0.09151528030633926,0.8673250675201416,0.4801066517829895,0.04011550918221474,0.0017710389802232385,3.1945653518050676e-06,3.5584099292755127,0.0002456187503412366,0,0,0,0,0,0,0,0,0,0,2
0,14.0,98.64215850830078,9.635061724111438e-05,0.3525722622871399,0.0018730532610788941,29.774797439575195,0.5161630511283875,2.3957427401910536e-06,0.02963978983461857,1.0629805326461792,0.4688631296157837,0.08448657393455505,0.024267645552754402,0.1365126222372055,0.09009633213281631,0.004771498963236809,0.00827543344348669,0.002507417695596814,1.8186912598139315e-07,0.029400479048490524,0.00041927333222702146,1,0,0,0,0,0,1,0,0,0,2
0,14.0,97.41473388671875,6.450292744375474e-07,2.569528102874756,0.002721596509218216,99.2629623413086,87.17973327636719,8.980881316400513e-11,0.3724938631057739,0.9937352538108826,0.01718752831220627,0.007711021229624748,0.0009697474306449294,53.69026565551758,1.2773520211339928e-05,5.563135147094727,0.0016757549019530416,0.00011361150973243639,0.08451668918132782,0.5581589341163635,3.415331661926757e-07,1,0,0,0,0,0,1,0,0,0,2
0,14.0,67.6588363647461,5.600389485493906e-08,3.6328225135803223,0.0018719033105298877,99.7654800415039,97.82444763183594,4.806818831859516e-10,0.03287224471569061,0.13194122910499573,0.2115604728460312,0.0038715084083378315,0.0019130322616547346,28.69652557373047,0.00023746053921058774,98.31060791015625,0.0822068601846695,0.00020736170699819922,0.0881379023194313,0.8742884993553162,4.869697818321583e-07,1,0,0,0,0,0,1,0,0,0,2
0,14.0,89.3544921875,4.373121100798016e-06,1.2163913249969482,0.0061136577278375626,97.38632202148438,99.53687286376953,1.0360627911154552e-08,0.07146451622247696,0.07796335220336914,0.06852921098470688,0.010365336202085018,0.009072675369679928,95.90843200683594,2.069192851195112e-05,93.84535217285156,0.008093660697340965,8.709835674380884e-05,0.11687040328979492,10.902900695800781,1.6113170886455919e-07,1,0,0,0,0,0,1,0,0,0,2
0,14.0,94.13324737548828,2.3152808353188448e-05,0.10532888025045395,0.0009847283363342285,37.81034851074219,14.778759956359863,7.930152605695184e-07,0.4127434492111206,0.028351740911602974,0.05200236290693283,0.015123303048312664,0.0030958366114646196,27.354415893554688,2.5329634809168056e-05,97.72933959960938,0.005159352906048298,0.0001143073895946145,0.02469329908490181,0.4594373106956482,7.811898967702291e-07,1,0,0,0,0,0,1,0,0,0,2
0,14.0,94.13324737548828,2.3152808353188448e-05,0.10532888025045395,0.0009847283363342285,37.81034851074219,14.778759956359863,7.930152605695184e-07,0.4127434492111206,0.028351740911602974,0.05200236290693283,0.015123303048312664,0.0030958366114646196,27.354415893554688,2.5329634809168056e-05,97.72933959960938,0.005159352906048298,0.0001143073895946145,0.02469329908490181,0.4594373106956482,7.811898967702291e-07,1,0,0,0,0,0,1,0,0,0,2
0,14.0,94.13324737548828,2.3152808353188448e-05,0.10532888025045395,0.0009847283363342285,37.81034851074219,14.778759956359863,7.930152605695184e-07,0.4127434492111206,0.028351740911602974,0.05200236290693283,0.015123303048312664,0.0030958366114646196,27.354415893554688,2.5329634809168056e-05,97.72933959960938,0.005159352906048298,0.0001143073895946145,0.02469329908490181,0.4594373106956482,7.811898967702291e-07,1,0,0,0,0,0,1,0,0,0,2
0,14.0,98.15199279785156,3.409912347793579,0.05143645033240318,0.0031472365371882915,0.00016163420514203608,0.004098195116966963,0.05283114314079285,0.842254638671875,0.00012644338130485266,0.160067617893219,0.10191027820110321,0.0001518095814390108,0.009429747238755226,0.21267323195934296,1.054272174835205,26.824474334716797,0.977988064289093,0.09282132238149643,0.010912144556641579,0.003014529822394252,1,0,0,0,0,0,1,0,0,0,2
0,14.0,98.20189666748047,1.0079152584075928,0.2384830266237259,0.00035597983514890075,0.07063120603561401,0.08649127185344696,0.0012059274595230818,0.9620236158370972,0.000249815930146724,0.14588937163352966,0.061233602464199066,0.0008654668927192688,0.1497337520122528,0.13402941823005676,96.11866760253906,11.203953742980957,0.055165257304906845,0.05654715746641159,0.02884833700954914,0.0026781512424349785,1,0,0,0,0,0,1,0,0,0,2
0,14.0,98.1293716430664,0.0428861640393734,0.22839275002479553,0.012728312984108925,0.0006312064360827208,0.007727930787950754,0.02718535251915455,1.6066923141479492,0.0003825240128207952,0.1716621369123459,0.019670918583869934,6.929071241756901e-05,0.04630778729915619,1.3018113374710083,0.04531526938080788,41.372562408447266,0.2434803694486618,0.7523950338363647,0.10787439346313477,9.656735346652567e-05,1,0,0,0,0,0,1,0,0,0,2
0,14.0,97.71228790283203,0.02390597015619278,0.3257283866405487,0.03284358233213425,0.005635227542370558,0.002823970280587673,0.0003418929409235716,3.1194405555725098,0.0003838900593109429,0.6596411466598511,0.049426041543483734,0.00043925215140916407,0.017192773520946503,0.22858765721321106,0.06870532035827637,45.580448150634766,0.19562330842018127,0.6441049575805664,0.2211006134748459,0.00013780868903268129,1,0,0,0,0,0,1,0,0,0,2
0,14.0,97.71228790283203,0.02390597015619278,0.3257283866405487,0.03284358233213425,0.005635227542370558,0.002823970280587673,0.0003418929409235716,3.1194405555725098,0.0003838900593109429,0.6596411466598511,0.049426041543483734,0.00043925215140916407,0.017192773520946503,0.22858765721321106,0.06870532035827637,45.580448150634766,0.19562330842018127,0.6441049575805664,0.2211006134748459,0.00013780868903268129,1,0,0,0,0,0,1,0,0,0,2
0,14.0,98.1058349609375,0.012436439283192158,0.053208623081445694,0.08155366033315659,0.004581228829920292,0.011258590966463089,0.05042349919676781,0.15066643059253693,0.0005388126010075212,0.6838765740394592,0.06365472078323364,0.0002439731324557215,0.02858930453658104,0.3093883693218231,0.10649717599153519,50.01719665527344,0.13074029982089996,0.18182669579982758,0.1346711963415146,0.00022103090304881334,1,0,0,0,0,0,1,0,0,0,2
0,14.0,98.1058349609375,0.012436439283192158,0.053208623081445694,0.08155366033315659,0.004581228829920292,0.011258590966463089,0.05042349919676781,0.15066643059253693,0.0005388126010075212,0.6838765740394592,0.06365472078323364,0.0002439731324557215,0.02858930453658104,0.3093883693218231,0.10649717599153519,50.01719665527344,0.13074029982089996,0.18182669579982758,0.1346711963415146,0.00022103090304881334,1,0,0,0,0,0,1,0,0,0,2
0,14.0,98.1058349609375,0.012436439283192158,0.053208623081445694,0.08155366033315659,0.004581228829920292,0.011258590966463089,0.05042349919676781,0.15066643059253693,0.0005388126010075212,0.6838765740394592,0.06365472078323364,0.0002439731324557215,0.02858930453658104,0.3093883693218231,0.10649717599153519,50.01719665527344,0.13074029982089996,0.18182669579982758,0.1346711963415146,0.00022103090304881334,1,0,0,0,0,0,1,0,0,0,2
0,14.0,98.1058349609375,0.012436439283192158,0.053208623081445694,0.08155366033315659,0.004581228829920292,0.011258590966463089,0.05042349919676781,0.15066643059253693,0.0005388126010075212,0.6838765740394592,0.06365472078323364,0.0002439731324557215,0.02858930453658104,0.3093883693218231,0.10649717599153519,50.01719665527344,0.13074029982089996,0.18182669579982758,0.1346711963415146,0.00022103090304881334,1,0,0,0,0,0,1,0,0,0,2
0,14.0,98.1058349609375,0.012436439283192158,0.053208623081445694,0.08155366033315659,0.004581228829920292,0.011258590966463089,0.05042349919676781,0.15066643059253693,0.0005388126010075212,0.6838765740394592,0.06365472078323364,0.0002439731324557215,0.02858930453658104,0.3093883693218231,0.10649717599153519,50.01719665527344,0.13074029982089996,0.18182669579982758,0.1346711963415146,0.00022103090304881334,1,0,0,0,0,0,1,0,0,0,2
0,14.0,98.1058349609375,0.012436439283192158,0.053208623081445694,0.08155366033315659,0.004581228829920292,0.011258590966463089,0.05042349919676781,0.15066643059253693,0.0005388126010075212,0.6838765740394592,0.06365472078323364,0.0002439731324557215,0.02858930453658104,0.3093883693218231,0.10649717599153519,50.01719665527344,0.13074029982089996,0.18182669579982758,0.1346711963415146,0.00022103090304881334,1,0,0,0,0,0,1,0,0,0,2
0,14.0,98.1058349609375,0.012436439283192158,0.053208623081445694,0.08155366033315659,0.004581228829920292,0.011258590966463089,0.05042349919676781,0.15066643059253693,0.0005388126010075212,0.6838765740394592,0.06365472078323364,0.0002439731324557215,0.02858930453658104,0.3093883693218231,0.10649717599153519,50.01719665527344,0.13074029982089996,0.18182669579982758,0.1346711963415146,0.00022103090304881334,1,0,0,0,0,0,1,0,0,0,2
0,14.0,98.1058349609375,0.012436439283192158,0.053208623081445694,0.08155366033315659,0.004581228829920292,0.011258590966463089,0.05042349919676781,0.15066643059253693,0.0005388126010075212,0.6838765740394592,0.06365472078323364,0.0002439731324557215,0.02858930453658104,0.3093883693218231,0.10649717599153519,50.01719665527344,0.13074029982089996,0.18182669579982758,0.1346711963415146,0.00022103090304881334,1,0,0,0,0,0,1,0,0,0,2
0,14.0,98.1058349609375,0.012436439283192158,0.053208623081445694,0.08155366033315659,0.004581228829920292,0.011258590966463089,0.05042349919676781,0.15066643059253693,0.0005388126010075212,0.6838765740394592,0.06365472078323364,0.0002439731324557215,0.02858930453658104,0.3093883693218231,0.10649717599153519,50.01719665527344,0.13074029982089996,0.18182669579982758,0.1346711963415146,0.00022103090304881334,1,0,0,0,0,0,1,0,0,0,2
0,14.0,98.1058349609375,0.012436439283192158,0.053208623081445694,0.08155366033315659,0.004581228829920292,0.011258590966463089,0.05042349919676781,0.15066643059253693,0.0005388126010075212,0.6838765740394592,0.06365472078323364,0.0002439731324557215,0.02858930453658104,0.3093883693218231,0.10649717599153519,50.01719665527344,0.13074029982089996,0.18182669579982758,0.1346711963415146,0.00022103090304881334,1,0,0,0,0,0,1,0,0,0,2
0,1.0169491525423728,94.30015563964844,7.558611105196178e-05,0.26335760951042175,0.03244544193148613,0.002200901973992586,0.0042447554878890514,1.7545722812428721e-06,0.11719737946987152,0.01382969319820404,0.38425660133361816,0.005960885435342789,0.0010464832885190845,0.005786740221083164,0.03233366087079048,0.22007182240486145,0.17480869591236115,0.0007274139788933098,2.1085088519612327e-06,0.0038078585639595985,1.3146760466042906e-05,1,0,0,0,0,0,1,0,0,0,2
1,1.0169491525423728,94.00382232666016,0.0017516150837764144,0.18787918984889984,0.2958984375,1.411561131477356,0.27054235339164734,0.001979414140805602,0.02895553782582283,0.12430370599031448,0.230655238032341,0.03578980267047882,0.014925247058272362,0.03448844328522682,0.03489593788981438,0.008739734999835491,0.12566611170768738,0.0011976652313023806,4.850435288972221e-07,0.0008959121187217534,0.00018109766824636608,1,0,0,0,0,0,1,0,0,0,2
1,1.0169491525423728,95.73812103271484,0.0006394226220436394,0.5334767699241638,0.005381315015256405,0.08515246212482452,0.00030119920847937465,4.737037215818418e-06,0.12094087153673172,0.470681756734848,0.11782696098089218,0.0062656281515955925,0.009403087198734283,0.015028011985123158,0.3084932565689087,0.0033341199159622192,0.057202570140361786,0.0007852219860069454,1.0379700654539192e-07,0.0015735088381916285,3.1836960260989144e-05,1,0,0,0,0,0,1,0,0,0,2
1,1.0169491525423728,96.33839416503906,8.945231093093753e-05,3.360766649246216,0.007601500488817692,6.523292541503906,0.9562618732452393,3.36112680088263e-06,2.585367202758789,0.20193569362163544,0.2027033418416977,0.006378326565027237,0.00801230687648058,0.13725660741329193,0.06094743311405182,0.10134372860193253,0.027575824409723282,0.0005800543003715575,1.1047974624034396e-07,0.004415805917233229,0.00027722332742996514,1,0,0,0,0,0,1,0,0,0,2
1,1.0169491525423728,96.42928314208984,0.03398733586072922,0.4749690294265747,40.03352355957031,4.657965183258057,0.36116504669189453,0.0015614052535966039,0.40480542182922363,0.18408876657485962,0.22124123573303223,0.2587827742099762,0.0009662809898145497,0.07436032593250275,0.08859935402870178,0.0307637769728899,0.049190305173397064,0.003791994182392955,3.4852128010243177e-06,0.0025921142660081387,0.0034363132435828447,1,0,0,0,0,0,1,0,0,0,2
1,1.0169491525423728,97.50818634033203,0.0012815333902835846,0.5049008131027222,1.405408263206482,2.7707622051239014,0.1619657278060913,9.216383887178381e-07,0.030877461656928062,0.08305494487285614,0.27450716495513916,0.018714873120188713,0.0012870472855865955,0.08749902248382568,0.03502989560365677,0.032630760222673416,0.02447712980210781,0.0009153456776402891,7.69028758895729e-07,0.007490520365536213,0.002238423330709338,1,0,0,0,0,0,1,0,0,0,2
1,1.0169491525423728,97.50818634033203,0.0012815333902835846,0.5049008131027222,1.405408263206482,2.7707622051239014,0.1619657278060913,9.216383887178381e-07,0.030877461656928062,0.08305494487285614,0.27450716495513916,0.018714873120188713,0.0012870472855865955,0.08749902248382568,0.03502989560365677,0.032630760222673416,0.02447712980210781,0.0009153456776402891,7.69028758895729e-07,0.007490520365536213,0.002238423330709338,1,0,0,0,0,0,1,0,0,0,2
1,1.0169491525423728,93.1235122680664,0.003390002530068159,0.35187673568725586,0.10577651113271713,0.0677906796336174,0.0031960527412593365,0.0001212173156091012,0.589969277381897,0.10875070840120316,0.0945507362484932,0.06052366644144058,0.003289446933194995,0.010915182530879974,0.03692147880792618,0.002580037107691169,0.05944470688700676,0.002467953832820058,9.677256684881286e-07,0.0011192556703463197,0.0003772563941311091,1,0,0,0,0,0,1,0,0,0,2
1,1.0169491525423728,93.1235122680664,0.003390002530068159,0.35187673568725586,0.10577651113271713,0.0677906796336174,0.0031960527412593365,0.0001212173156091012,0.589969277381897,0.10875070840120316,0.0945507362484932,0.06052366644144058,0.003289446933194995,0.010915182530879974,0.03692147880792618,0.002580037107691169,0.05944470688700676,0.002467953832820058,9.677256684881286e-07,0.0011192556703463197,0.0003772563941311091,1,0,0,0,0,0,1,0,0,0,2
1,1.0169491525423728,93.1235122680664,0.003390002530068159,0.35187673568725586,0.10577651113271713,0.0677906796336174,0.0031960527412593365,0.0001212173156091012,0.589969277381897,0.10875070840120316,0.0945507362484932,0.06052366644144058,0.003289446933194995,0.010915182530879974,0.03692147880792618,0.002580037107691169,0.05944470688700676,0.002467953832820058,9.677256684881286e-07,0.0011192556703463197,0.0003772563941311091,1,0,0,0,0,0,1,0,0,0,2
1,1.0169491525423728,95.55506134033203,0.00037436376442201436,0.25650960206985474,0.005155270919203758,0.23396515846252441,0.022834550589323044,5.075251465314068e-05,0.36864954233169556,0.037527505308389664,0.17306381464004517,0.01771576702594757,0.0037869529332965612,0.02692837081849575,0.07305806875228882,0.00219992408528924,0.03561616316437721,0.001963970949873328,9.808208005779306e-07,0.0011532643111422658,0.0009471154771745205,1,0,0,0,0,0,1,0,0,0,2
1,50.0,95.24610900878906,0.0004816846631001681,0.3151093125343323,0.0014423065586015582,0.4425715208053589,0.01555250771343708,0.00010102669330080971,0.47629374265670776,0.06295806914567947,0.44370096921920776,0.039950303733348846,0.0045596761628985405,0.03526836261153221,0.06786242872476578,0.005167359486222267,0.07309473305940628,0.0021166610531508923,1.52961217736447e-06,0.005561511497944593,0.0025166908744722605,1,0,0,0,0,0,1,0,0,0,2
