label,wordsPerMinute,attention,browFurrow,browRaise,cheekRaise,chinRaise,dimpler,eyeClosure,eyeWiden,innerBrowRaise,jawDrop,lidTighten,lipCornerDepressor,lipPress,lipPucker,lipSuck,mouthOpen,noseWrinkle,smile,smirk,upperLipRaise,active_socialNetwork,active_shopping,active_entertainment,active_general,active_work,active_other,open_socialNetwork,open_shopping,open_entertainment,open_general,open_work
1,0.9302325581395349,96.45410919189453,1.231722126249224e-05,15.731501579284668,0.002644783351570368,8.522896766662598,5.949140548706055,3.6304719230884075e-08,0.08634094893932343,2.64823579788208,0.13022679090499878,0.006284753326326609,0.9243552684783936,1.4164460897445679,0.13839198648929596,0.0168185755610466,0.018597610294818878,0.0016820600721985102,3.149021722492762e-05,0.0028345328755676746,1.4377162642631447e-06,0,0,0,0,1,0,0,0,0,0,1
1,16.0,93.3563232421875,2.844293248926988e-06,10.083430290222168,0.12045445293188095,31.737407684326172,1.0072593688964844,5.6083826471819975e-09,0.02394876815378666,0.37673962116241455,0.5638816952705383,0.006411928683519363,2.0519981384277344,0.21270865201950073,0.11999660730361938,0.07232525944709778,0.009327508509159088,0.001271490124054253,2.5739391276147217e-05,0.0021650062408298254,9.13371786737116e-06,0,0,0,0,1,0,0,0,0,0,1
1,16.0,94.6639404296875,7.46607884138939e-06,0.10733231902122498,0.029978234320878983,64.21035766601562,5.190954208374023,7.777306564094033e-06,0.001919320086017251,0.6861298084259033,0.6159355044364929,0.059658125042915344,13.819140434265137,0.11277174204587936,1.0619590282440186,0.011049320921301842,0.015019258484244347,0.004467941354960203,0.00017394150199834257,0.00033717459882609546,3.569860928109847e-05,0,0,0,0,1,0,0,0,0,0,1
1,16.0,95.85505676269531,2.054251126537565e-06,0.43907561898231506,0.006973045878112316,87.19731140136719,4.013439655303955,1.071045474532184e-07,0.10257311910390854,1.1672413349151611,0.24322094023227692,0.015686729922890663,10.527667045593262,0.3718520402908325,0.4287729561328888,0.011279179714620113,0.014552458189427853,0.0018430426716804504,0.00017580564599484205,0.00043141288915649056,1.3354517250263598e-05,0,0,0,0,1,0,0,0,0,0,1
1,16.0,97.00765228271484,3.0194505598046817e-05,0.13985976576805115,0.09117411822080612,58.2425651550293,2.2864573001861572,0.0067817447707057,0.013560946099460125,0.14499029517173767,0.4162149429321289,0.029259437695145607,1.0833849906921387,0.20711550116539001,0.09471884369850159,0.007213689386844635,0.014881393872201443,0.0045518819242715836,0.00011860597442137077,0.0002532267535571009,1.037832407746464e-05,0,0,0,0,1,0,0,0,0,0,1
1,16.0,96.58859252929688,1.900889037642628e-05,0.407482773065567,0.09674942493438721,39.01272964477539,0.1955794394016266,0.000151049840496853,0.05317630246281624,0.17585209012031555,0.19906294345855713,0.4475019872188568,0.7917210459709167,0.09656230360269547,0.1491563469171524,0.03309938684105873,0.015237540006637573,0.00791751779615879,4.064002132508904e-05,0.0010429142275825143,9.756714462128002e-06,0,0,0,0,1,0,0,0,0,0,1
1,16.0,96.37383270263672,5.13788882017252e-06,5.130496025085449,0.00011262078623985872,16.981685638427734,1.1711467504501343,6.382696682294409e-08,0.745396614074707,1.9466581344604492,0.09912650287151337,0.03590529412031174,0.3277897238731384,0.13954493403434753,0.43454283475875854,0.018441950902342796,0.007320987060666084,0.002792058978229761,4.1664636228233576e-05,0.001776181859895587,2.1176583686610684e-05,0,0,0,0,1,0,0,0,0,0,1
1,16.0,95.94911193847656,3.3365097351634176e-06,5.356891632080078,0.0001046473698806949,4.68711519241333,0.18595337867736816,1.6917022466659546,0.11313537508249283,1.439682960510254,0.07642479240894318,0.04037535935640335,0.26312559843063354,0.0339101143181324,1.115370273590088,0.005757979117333889,0.006114129908382893,0.007308166939765215,2.8727017706842162e-05,0.002880822168663144,1.4095525330048986e-05,0,0,0,0,1,0,0,0,0,0,1
1,16.0,95.59634399414062,1.2827917998947669e-05,0.30336153507232666,0.030351724475622177,19.426557540893555,0.13215112686157227,1.8574636939661104e-08,0.017669644206762314,0.4960974156856537,0.0629836916923523,0.020244749262928963,0.08141978830099106,0.15966060757637024,0.2819306552410126,0.14488975703716278,0.00512642040848732,0.004743253346532583,9.91013876046054e-05,0.0023495254572480917,1.6977010091068223e-05,0,0,0,0,1,0,0,0,0,0,1
1,16.0,95.59634399414062,1.2827917998947669e-05,0.30336153507232666,0.030351724475622177,19.426557540893555,0.13215112686157227,1.8574636939661104e-08,0.017669644206762314,0.4960974156856537,0.0629836916923523,0.020244749262928963,0.08141978830099106,0.15966060757637024,0.2819306552410126,0.14488975703716278,0.00512642040848732,0.004743253346532583,9.91013876046054e-05,0.0023495254572480917,1.6977010091068223e-05,0,0,0,0,1,0,0,0,0,0,1
1,16.0,97.55504608154297,0.000551829463802278,0.1717342734336853,0.032535798847675323,5.6070027351379395,0.4853717088699341,1.2127810578022036e-07,0.02408604696393013,0.5815477967262268,0.13066671788692474,0.04538064822554588,0.009985611774027348,0.39798101782798767,0.022299837321043015,0.13951840996742249,0.004534235689789057,0.006040753331035376,1.1310110494378023e-05,0.000468468148028478,9.33794945012778e-06,0,0,0,0,1,0,0,0,0,0,1
1,16.0,97.12002563476562,4.128535874770023e-05,0.4776087999343872,0.01635831966996193,14.45958423614502,0.33976036310195923,1.6176976203041704e-07,0.02208464778959751,0.3124707341194153,0.13929682970046997,0.029195429757237434,0.021071461960673332,0.36096227169036865,0.02108526974916458,0.08928503096103668,0.003118180437013507,0.004594108555465937,3.611007286963286e-06,0.0003068961959797889,6.760392807336757e-06,0,0,0,0,1,0,0,0,0,0,1
1,16.0,97.77317810058594,2.3630585928913206e-05,0.4394954442977905,0.0522770918905735,2.148872137069702,0.4246538579463959,7.496921898564324e-05,0.4327481687068939,0.41021496057510376,0.09306050837039948,0.19113227725028992,0.008737409487366676,0.0810592770576477,0.04612793028354645,0.06485818326473236,0.009416564367711544,0.007328956387937069,4.220174378133379e-05,0.0015100643504410982,9.142641829384957e-06,0,0,0,0,1,0,0,0,0,0,1
1,84.0,96.60399627685547,4.814169369637966e-05,0.2817755937576294,0.014257073402404785,6.533031940460205,0.6508517265319824,3.5857329550026407e-08,0.15131428837776184,0.43536177277565,0.09978894144296646,0.013193664140999317,0.005601917393505573,0.7868126034736633,0.248626708984375,0.056601833552122116,0.014451306313276291,0.002535336185246706,1.9885594156221487e-05,0.0015103917103260756,7.786613423377275e-06,0,0,0,0,1,0,0,0,0,0,1
1,84.0,97.53907012939453,4.041541978949681e-05,0.1253964900970459,0.004397111013531685,5.129427433013916,0.4587566554546356,7.603531315680812e-08,0.04477057605981827,0.16618748009204865,0.13064326345920563,0.023495811969041824,0.012327921576797962,0.41817179322242737,0.12133428454399109,0.03401743620634079,0.00967146921902895,0.0011116889072582126,2.1028827177360654e-05,0.0022353362292051315,7.681993338337634e-06,0,0,0,0,1,0,0,0,0,0,1
1,84.0,97.8373794555664,2.3712351321591996e-05,0.21539582312107086,0.0073218317702412605,4.556049823760986,0.057390809059143066,6.798084359616041e-05,0.3880402743816376,0.2019665390253067,0.10893698781728745,0.33697545528411865,0.029122453182935715,0.06915432214736938,0.02181829698383808,0.014384189620614052,0.008758807554841042,0.006900171283632517,1.2886941931355977e-06,0.0007746571791358292,1.2261691153980792e-05,0,0,0,0,1,0,0,0,0,0,1
1,84.0,97.96544647216797,1.3672591194335837e-05,0.3734923303127289,0.013425272889435291,6.052934169769287,0.038491375744342804,9.860883437795565e-06,0.20109373331069946,0.22935453057289124,0.15912894904613495,0.17639902234077454,0.015644127503037453,0.11687612533569336,0.06397875398397446,0.022844893857836723,0.01029187347739935,0.013165310956537724,1.2690336006926373e-05,0.0012518360745161772,5.716160558222327e-06,0,0,0,0,1,0,0,0,0,0,1
1,84.0,97.96544647216797,1.3672591194335837e-05,0.3734923303127289,0.013425272889435291,6.052934169769287,0.038491375744342804,9.860883437795565e-06,0.20109373331069946,0.22935453057289124,0.15912894904613495,0.17639902234077454,0.015644127503037453,0.11687612533569336,0.06397875398397446,0.022844893857836723,0.01029187347739935,0.013165310956537724,1.2690336006926373e-05,0.0012518360745161772,5.716160558222327e-06,0,0,0,0,1,0,0,0,0,0,1
1,84.0,98.26091766357422,0.00012128437811043113,0.41721221804618835,0.00948827713727951,2.4200215339660645,0.032734982669353485,5.725167284253985e-05,0.735805869102478,0.22629986703395844,0.17261138558387756,0.16612127423286438,0.01131412386894226,0.09226134419441223,0.057102035731077194,0.0061231739819049835,0.009895523078739643,0.005313321482390165,4.556320618576137e-06,0.0019384745974093676,5.6401872825517785e-06,0,0,0,0,1,0,0,0,0,0,1
1,84.0,97.59951782226562,3.2641539291944355e-05,0.555066704750061,0.0013949875719845295,0.34002265334129333,0.018920186907052994,4.177681312000914e-09,0.05254741385579109,0.19903632998466492,0.08815902471542358,0.006064562126994133,0.001964407507330179,0.18380527198314667,0.2661724090576172,0.004652814473956823,0.010970192961394787,0.001805888139642775,2.7473435693536885e-05,0.0015269527211785316,1.0230040061287582e-05,0,0,0,0,1,0,0,0,0,0,1
1,84.0,97.50528717041016,7.640448893653229e-05,0.5084058046340942,0.0012580176116898656,0.4659884572029114,0.05847201496362686,1.6003816938336968e-08,0.014197097159922123,0.1714833378791809,0.07497889548540115,0.010873721912503242,0.0021631470881402493,0.05943632498383522,0.3871803283691406,0.0227734986692667,0.006033884361386299,0.0012513838009908795,5.593360583588947e-06,0.005029486492276192,1.5217905456665903e-05,0,0,0,0,1,0,0,0,0,0,1
1,84.0,97.50528717041016,7.640448893653229e-05,0.5084058046340942,0.0012580176116898656,0.4659884572029114,0.05847201496362686,1.6003816938336968e-08,0.014197097159922123,0.1714833378791809,0.07497889548540115,0.010873721912503242,0.0021631470881402493,0.05943632498383522,0.3871803283691406,0.0227734986692667,0.006033884361386299,0.0012513838009908795,5.593360583588947e-06,0.005029486492276192,1.5217905456665903e-05,0,0,0,0,1,0,0,0,0,0,1
1,84.0,97.92237854003906,2.713350477279164e-05,0.5128269791603088,0.002782232593744993,4.324509620666504,0.06946919858455658,1.0526177618430665e-07,0.058594997972249985,0.1333610564470291,0.4322581887245178,0.019641174003481865,0.0021375915966928005,0.08068806678056717,0.06057523563504219,0.01074817031621933,0.09061992168426514,0.0028895533178001642,2.905779183492996e-06,0.00033153395634144545,2.3147975298343226e-05,0,0,0,0,1,0,0,0,0,0,1
1,84.0,98.24085998535156,4.176954462309368e-05,0.3232695162296295,0.007132304832339287,0.43196049332618713,0.05150165036320686,2.5311974738428944e-08,0.10800949484109879,0.30057743191719055,0.10925838351249695,0.009961388073861599,0.001148211769759655,0.07172535359859467,0.17253892123699188,0.010715769603848457,0.020552828907966614,0.0012034125393256545,2.4190736439777538e-05,0.0018964367918670177,2.7898518965230323e-05,0,0,0,0,1,0,0,0,0,0,1
1,84.0,97.8741226196289,2.9308026569196954e-05,0.44414564967155457,0.01183468010276556,0.6849762797355652,0.04709067940711975,1.669773155299481e-05,1.117391586303711,0.3244837820529938,0.11365403234958649,0.01617094688117504,0.0021310090087354183,0.15787355601787567,0.06434274464845657,0.006760075688362122,0.013797146268188953,0.004936319775879383,2.1732405002694577e-05,0.0008538963156752288,1.69603263202589e-05,0,0,0,0,1,0,0,0,0,0,1
1,84.0,98.70272827148438,0.0005887809675186872,0.11541657149791718,0.26213350892066956,0.0024350464809685946,0.00033310847356915474,0.0003434255486354232,0.30348360538482666,0.05883611738681793,0.04572732001543045,0.13828369975090027,0.0004130495653953403,0.015359653159976006,0.07725077122449875,0.0004526222764980048,0.04141702130436897,0.015725651755928993,2.4597704850748414e-06,0.00024150358512997627,3.227675506423111e-06,0,0,0,0,1,0,0,0,0,0,1
1,84.0,98.43594360351562,3.4110795240849257e-05,0.03712693229317665,9.56832504272461,0.0025353385135531425,0.0004434341099113226,14.920120239257812,0.5047978162765503,0.0803399309515953,38.09343338012695,0.0457167774438858,0.0001422898203600198,0.03034903109073639,1.3600504398345947,0.0007478117477148771,99.92991638183594,0.009436025284230709,1.2608745691977674e-06,6.755294452887028e-05,11.503335952758789,0,0,0,0,1,0,0,0,0,0,1
1,68.05970149253731,97.17433166503906,0.006609720177948475,1.043507695198059,0.14889176189899445,0.008899534121155739,0.35635602474212646,3.8060341466916725e-05,5.294618606567383,0.1105976402759552,0.40786612033843994,0.17017386853694916,0.0006602316279895604,0.16486713290214539,0.4249991774559021,0.011069590225815773,0.2048603743314743,0.013198395259678364,2.327767651877366e-05,0.0059875803999602795,1.020456875266973e-05,0,0,0,0,1,0,0,0,0,0,1
0,68.05970149253731,77.83171081542969,4.365568315733981e-07,39.697174072265625,0.015886403620243073,77.30839538574219,99.9706802368164,3.577690144140888e-09,0.003526967018842697,1.7860946655273438,0.04565069079399109,0.0047492594458162785,0.4348377287387848,71.70333099365234,5.476790428161621,0.3338896334171295,0.04423575848340988,0.0011687139049172401,0.0008850971353240311,0.0018044861499220133,5.5306474678218365e-05,0,0,0,0,0,0,1,0,0,0,1
0,68.05970149253731,90.27100372314453,1.7954340592041262e-06,99.673828125,5.670467853546143,95.78677368164062,99.99996185302734,1.089520140773459e-09,0.44674211740493774,50.64203643798828,0.3714945316314697,0.006087681278586388,0.016770390793681145,98.24786376953125,0.03450672701001167,41.84196472167969,0.5984588861465454,0.0006768244202248752,0.01009176205843687,0.06060968339443207,1.117688839258335e-06,0,0,0,0,0,1,2,0,1,0,1
0,68.05970149253731,98.61457061767578,0.002376912161707878,84.51280212402344,0.00015125639038160443,13.323922157287598,99.21702575683594,3.403413106894959e-10,0.2831731140613556,32.40766525268555,0.15549451112747192,0.007784029934555292,0.3120260536670685,26.52674674987793,0.016810301691293716,3.3193793296813965,0.0672997459769249,0.00020394391322042793,5.066256562713534e-06,0.0721539631485939,2.461953044985421e-06,1,0,0,0,0,0,3,0,1,0,1
0,68.05970149253731,98.61457061767578,0.002376912161707878,84.51280212402344,0.00015125639038160443,13.323922157287598,99.21702575683594,3.403413106894959e-10,0.2831731140613556,32.40766525268555,0.15549451112747192,0.007784029934555292,0.3120260536670685,26.52674674987793,0.016810301691293716,3.3193793296813965,0.0672997459769249,0.00020394391322042793,5.066256562713534e-06,0.0721539631485939,2.461953044985421e-06,1,0,0,0,0,0,3,0,1,0,1
0,68.05970149253731,93.52381896972656,2.5132846985798096e-06,50.92776870727539,0.3039642572402954,43.972835540771484,99.97828674316406,5.675631405827053e-12,3.650102138519287,19.467126846313477,0.13846257328987122,0.0004579253145493567,0.028626177459955215,89.27328491210938,0.02509608119726181,9.66130256652832,0.05576294660568237,0.000256980158155784,0.00040844461182132363,0.03634030371904373,6.570102755176777e-07,1,0,0,0,0,0,3,0,1,0,1
0,68.05970149253731,97.22055053710938,4.0127908107479016e-08,63.7039909362793,4.0039652958512306e-05,1.1796377897262573,97.30612182617188,5.526405071412666e-13,81.3085708618164,13.697552680969238,0.650530219078064,0.0035907395649701357,0.01745508424937725,85.06932830810547,0.15966516733169556,0.12661205232143402,0.07967200130224228,0.009362046606838703,0.018298234790563583,0.01999850757420063,0.00012890563812106848,1,0,0,0,0,0,3,0,1,0,1
0,68.05970149253731,97.36018371582031,4.833174784835137e-07,0.5361034870147705,9.334988594055176,0.11956760287284851,87.51390075683594,8.765334014171344e-10,4.610063552856445,0.19236578047275543,0.07723483443260193,0.08983009308576584,0.0006264382973313332,65.48709106445312,0.0033753993920981884,13.530932426452637,0.005278605967760086,0.001205275533720851,0.1001228541135788,0.3069651424884796,2.722387826281647e-08,1,0,0,0,0,0,3,0,1,0,1
0,68.05970149253731,97.36018371582031,4.833174784835137e-07,0.5361034870147705,9.334988594055176,0.11956760287284851,87.51390075683594,8.765334014171344e-10,4.610063552856445,0.19236578047275543,0.07723483443260193,0.08983009308576584,0.0006264382973313332,65.48709106445312,0.0033753993920981884,13.530932426452637,0.005278605967760086,0.001205275533720851,0.1001228541135788,0.3069651424884796,2.722387826281647e-08,1,0,0,0,0,0,3,0,1,0,1
0,68.05970149253731,97.1797103881836,1.0541698429733515e-05,0.1030738353729248,0.0017828706186264753,0.14907284080982208,0.7023801803588867,8.932624639967912e-10,0.007838203571736813,0.09591349214315414,0.413635790348053,0.030415741726756096,0.001194557873532176,4.465071678161621,0.001106410170905292,1.3521777391433716,0.04228346422314644,0.0003379545814823359,0.08501391112804413,0.044649675488471985,1.7748914160620188e-07,1,0,0,0,0,0,3,0,1,0,1
0,68.05970149253731,96.28074645996094,0.001091284560970962,31.504886627197266,0.10449329018592834,15.433725357055664,27.997039794921875,4.296355493593751e-10,0.5714641213417053,63.103240966796875,0.1030651405453682,0.0024630797561258078,0.013239777646958828,27.838071823120117,0.0015021883882582188,17.123605728149414,0.04809549078345299,0.00020741175103466958,0.2874302566051483,0.9230727553367615,3.198513098823241e-08,1,0,0,0,0,0,3,0,1,0,1
0,68.05970149253731,96.28074645996094,0.001091284560970962,31.504886627197266,0.10449329018592834,15.433725357055664,27.997039794921875,4.296355493593751e-10,0.5714641213417053,63.103240966796875,0.1030651405453682,0.0024630797561258078,0.013239777646958828,27.838071823120117,0.0015021883882582188,17.123605728149414,0.04809549078345299,0.00020741175103466958,0.2874302566051483,0.9230727553367615,3.198513098823241e-08,1,0,0,0,0,0,3,0,1,0,1
0,68.05970149253731,98.70790100097656,3.3876665838761255e-05,42.23844528198242,0.5070136785507202,0.15823279321193695,0.46840474009513855,2.937135201719343e-09,16.93817901611328,74.88815307617188,0.006810473743826151,0.0029861063230782747,0.0002450300962664187,3.723085641860962,0.0015814397484064102,0.493288516998291,0.01644342578947544,0.000525390263646841,0.21636001765727997,0.17978061735630035,1.1344034156479665e-08,1,0,0,0,0,0,3,0,1,0,1
0,68.05970149253731,98.12377166748047,6.0045549616916105e-06,38.921051025390625,0.751691460609436,0.23715636134147644,2.629673957824707,1.88101296316745e-07,0.16528072953224182,4.391793251037598,0.2366417795419693,0.006134956609457731,0.0010881596244871616,4.041738510131836,0.05440836399793625,0.2908923625946045,0.011199344880878925,0.0010971908923238516,1.560490608215332,0.41840362548828125,5.8146266468384056e-08,1,0,0,0,0,0,3,0,1,0,1
0,68.05970149253731,96.73796081542969,1.5771642210893333e-05,67.3143539428711,0.29913410544395447,0.07833974063396454,0.039365045726299286,0.009313217364251614,0.5383867621421814,38.94468307495117,0.08352020382881165,0.018303731456398964,0.028316620737314224,0.20640583336353302,0.009908902458846569,0.36082082986831665,0.12971453368663788,0.0011935979127883911,0.0016629521269351244,0.08043920993804932,4.8396390894822616e-08,1,0,0,0,0,0,3,0,1,0,1
0,5.384615384615385,96.73796081542969,1.5771642210893333e-05,67.3143539428711,0.29913410544395447,0.07833974063396454,0.039365045726299286,0.009313217364251614,0.5383867621421814,38.94468307495117,0.08352020382881165,0.018303731456398964,0.028316620737314224,0.20640583336353302,0.009908902458846569,0.36082082986831665,0.12971453368663788,0.0011935979127883911,0.0016629521269351244,0.08043920993804932,4.8396390894822616e-08,1,0,0,0,0,0,3,0,1,0,1
0,5.384615384615385,96.73796081542969,1.5771642210893333e-05,67.3143539428711,0.29913410544395447,0.07833974063396454,0.039365045726299286,0.009313217364251614,0.5383867621421814,38.94468307495117,0.08352020382881165,0.018303731456398964,0.028316620737314224,0.20640583336353302,0.009908902458846569,0.36082082986831665,0.12971453368663788,0.0011935979127883911,0.0016629521269351244,0.08043920993804932,4.8396390894822616e-08,1,0,0,0,0,0,3,0,1,0,1
0,5.384615384615385,97.00066375732422,1.609578532679734e-07,99.78521728515625,2.4351982652603965e-09,1.0945000648498535,0.002761526731774211,5.804074668797066e-13,98.2707290649414,20.42168617248535,0.8167257308959961,0.0012502196477726102,0.004143888596445322,0.0020999351982027292,25.54743194580078,3.453938916209154e-05,0.00254966807551682,0.2039189636707306,0.022127900272607803,0.01147326547652483,52.04531478881836,1,0,0,0,0,0,3,0,1,0,1
0,5.384615384615385,97.51663208007812,3.171208663843572e-05,2.0415711402893066,0.26432037353515625,0.018477417528629303,0.07589669525623322,8.10822484709206e-08,0.49863824248313904,0.4063687324523926,0.03319482505321503,0.027320466935634613,0.002504196483641863,0.29270896315574646,0.10139302909374237,0.00830595102161169,0.16500957310199738,0.0003282241232227534,0.07641325145959854,0.006436760537326336,1.0872150113527823e-07,1,0,0,0,0,0,3,0,1,0,1
0,5.384615384615385,98.76264953613281,9.171985766442958e-06,2.995305061340332,0.08623982220888138,0.11517385393381119,0.22299985587596893,1.885004596857698e-09,0.1554616391658783,0.6900942325592041,0.12124596536159515,0.005007242783904076,0.005685492418706417,1.4223147630691528,0.014425382018089294,0.04478425905108452,0.16564486920833588,0.0004838148597627878,0.03189334645867348,0.10250363498926163,9.743650508653445e-08,1,0,0,0,0,0,3,0,1,0,1
0,5.384615384615385,97.85151672363281,5.70279844396282e-05,1.4037824869155884,2.517404317855835,0.08676750212907791,0.058685604482889175,1.368290440950659e-06,0.009195258840918541,2.8036556243896484,0.046487148851156235,0.011200478300452232,0.0015887757763266563,0.40149298310279846,0.03448742628097534,0.04430853947997093,0.056852225214242935,0.001250482047908008,0.05883636698126793,0.01788695715367794,7.975016558248171e-08,1,0,0,0,0,0,3,0,1,0,1
0,5.384615384615385,97.96251678466797,2.2155481929075904e-05,1.1275378465652466,0.01639886386692524,0.37621310353279114,0.09452740103006363,1.1215930406649477e-09,1.268911600112915,0.13092496991157532,0.07858195155858994,0.022403819486498833,0.0011381416115909815,0.11860891431570053,0.00257933815009892,0.07255158573389053,0.037796854972839355,0.0004376928263809532,0.08419809490442276,0.007016600575298071,7.794663474669505e-07,1,0,0,0,0,0,3,0,1,0,1
0,5.384615384615385,96.16275787353516,8.74766044489661e-07,2.228182792663574,0.6132262945175171,0.11533568799495697,0.04832213371992111,1.9604724510458027e-09,42.59413528442383,0.30755615234375,0.04535694792866707,0.034005388617515564,0.0014191919472068548,0.05027637630701065,0.00015619699843227863,0.023617543280124664,0.02798372320830822,0.0004064942477270961,0.09881953150033951,0.006503630895167589,1.0363089586462593e-06,0,0,1,0,0,0,2,0,1,0,1
0,5.384615384615385,95.17973327636719,6.194057959874044e-07,1.0321487188339233,0.0026417281478643417,1.2232532501220703,4.743817329406738,1.8060726525437332e-12,1.2808414697647095,0.42151758074760437,0.159803107380867,0.00013322019367478788,0.0016867746599018574,0.6883060336112976,0.0011444228002801538,0.6401112675666809,0.09179902821779251,0.00019927769608329982,0.14427684247493744,0.002649842295795679,2.388114353379933e-06,1,0,0,0,0,0,2,0,1,0,1
0,5.384615384615385,97.94764709472656,1.0457493537785467e-08,99.984375,0.0005895433714613318,0.00028234077035449445,3.0816947504583823e-15,2.3097874191080336e-07,99.43898010253906,0.1579955816268921,65.91842651367188,0.22822622954845428,0.0018613170832395554,3.608413123856735e-09,99.77625274658203,5.735944341722643e-08,99.99998474121094,4.141014099121094,4.902829647064209,0.00029992047348059714,99.99989318847656,0,0,0,0,0,1,0,0,0,0,1
1,5.384615384615385,97.67684173583984,0.005508953705430031,0.08496981114149094,5.3149895668029785,1.8997225761413574,6.701085567474365,8.820987568469718e-05,0.02380911447107792,0.09725481271743774,0.6089086532592773,0.796141505241394,2.9838907718658447,3.1229352951049805,0.4773142337799072,0.3570897877216339,0.10000055283308029,0.0060933902859687805,8.764382073422894e-06,0.00864417478442192,8.623019880360516e-07,0,0,0,0,0,1,0,0,0,0,1
1,5.384615384615385,98.61492919921875,0.06280805915594101,0.08487231284379959,10.143950462341309,0.5536069869995117,3.3747241497039795,0.00010552497406024486,0.04443945363163948,0.16108611226081848,0.3188537061214447,0.6612673997879028,0.10454107820987701,1.2146679162979126,0.5236163139343262,0.05232185870409012,0.049465958029031754,0.010057849809527397,1.2520189557108097e-05,0.001420767861418426,1.8248771311846212e-06,0,0,0,0,0,1,0,0,0,0,1
1,17.0,96.31193542480469,0.0006829327321611345,0.3798040747642517,0.01650446653366089,75.15470123291016,69.2442626953125,9.189260197217664e-08,0.021024903282523155,0.23866267502307892,0.2807956039905548,0.06401747465133667,3.7062950134277344,8.460536003112793,4.858496189117432,1.0730540752410889,0.007895352318882942,0.002216955879703164,2.7721251171897165e-05,0.001770437229424715,3.2885936889215373e-06,0,0,0,0,0,1,0,0,0,0,1
1,17.0,94.9000244140625,0.000464240467408672,0.3302918076515198,0.10368792712688446,30.862266540527344,21.81334114074707,0.0004018887411803007,0.0023927344009280205,0.14587929844856262,0.2770186960697174,0.22178888320922852,3.7807528972625732,4.412407398223877,2.18298602104187,0.05305947735905647,0.01716437190771103,0.014405298978090286,5.270475594443269e-05,0.001777928788214922,3.841309990093578e-06,0,0,0,0,0,1,0,0,0,0,1
1,17.0,97.09912872314453,0.00037605667603202164,0.13517476618289948,0.01542408112436533,19.749258041381836,8.117315292358398,3.995256392386182e-08,0.00569986691698432,0.1504606157541275,0.255290687084198,0.02279685251414776,1.6269782781600952,2.031804084777832,5.358148574829102,0.1587437391281128,0.023454517126083374,0.002296954859048128,0.00026199815329164267,0.0019337355624884367,5.787413556390675e-06,0,0,0,0,0,1,0,0,0,0,1
1,17.0,97.95079803466797,1.3773048522125464e-05,0.9056466817855835,0.010129517875611782,23.27676773071289,8.12137222290039,3.982971975347027e-06,0.003713673911988735,3.5269651412963867,1.2274408340454102,0.030493933707475662,19.221342086791992,0.6563502550125122,57.99266815185547,0.005210339557379484,0.06936956942081451,0.002892580581828952,0.00023491507454309613,0.0430709607899189,2.1585998183581978e-05,0,0,0,0,0,1,0,0,0,0,1
1,17.0,98.34703826904297,5.879426680621691e-05,0.1229703426361084,0.02778523415327072,50.937652587890625,0.01009184867143631,0.0002659634337760508,0.03803260624408722,0.4459232687950134,0.015196157619357109,0.14113789796829224,9.177315711975098,0.029909832403063774,0.5776482224464417,0.011591779999434948,0.00831431895494461,0.006204712670296431,3.6975286548113218e-06,0.00036273960722610354,1.0471540008438751e-05,0,0,0,0,0,1,0,0,0,0,1
1,17.0,97.39340209960938,2.898429193010088e-05,0.1408999264240265,0.001647811266593635,12.842353820800781,0.1529647260904312,2.3168516349869606e-07,0.003379199653863907,1.1524178981781006,0.12283746898174286,0.045884642750024796,0.8544185161590576,0.4663296639919281,0.6024635434150696,0.02072620391845703,0.00660908967256546,0.002844899892807007,4.74901135021355e-05,0.0005200669984333217,3.5221819416619837e-06,0,0,0,0,0,1,0,0,0,0,1
1,17.0,97.39340209960938,2.898429193010088e-05,0.1408999264240265,0.001647811266593635,12.842353820800781,0.1529647260904312,2.3168516349869606e-07,0.003379199653863907,1.1524178981781006,0.12283746898174286,0.045884642750024796,0.8544185161590576,0.4663296639919281,0.6024635434150696,0.02072620391845703,0.00660908967256546,0.002844899892807007,4.74901135021355e-05,0.0005200669984333217,3.5221819416619837e-06,0,0,0,0,0,1,0,0,0,0,1
1,17.0,96.83148956298828,4.2572177335387096e-05,0.8977030515670776,0.0003769471077248454,8.656490325927734,0.05869995057582855,2.571322887945371e-08,0.03661608323454857,0.09339947998523712,0.15835456550121307,0.012629706412553787,0.10689619183540344,0.1710624098777771,0.36962267756462097,0.01568308100104332,0.009142553433775902,0.0008817592170089483,1.3014404430577997e-05,0.002030322328209877,4.053032171213999e-06,0,0,0,0,0,1,0,0,0,0,1
1,17.0,96.83148956298828,4.2572177335387096e-05,0.8977030515670776,0.0003769471077248454,8.656490325927734,0.05869995057582855,2.571322887945371e-08,0.03661608323454857,0.09339947998523712,0.15835456550121307,0.012629706412553787,0.10689619183540344,0.1710624098777771,0.36962267756462097,0.01568308100104332,0.009142553433775902,0.0008817592170089483,1.3014404430577997e-05,0.002030322328209877,4.053032171213999e-06,0,0,0,0,0,1,0,0,0,0,1
1,17.0,97.0730209350586,0.00011044671555282548,0.26566213369369507,0.0022440573666244745,3.0075573921203613,0.06717011332511902,9.550836921334849e-08,0.0023591844365000725,0.172565296292305,0.08575177937746048,0.01792069524526596,0.010394308716058731,0.35366153717041016,0.11875124275684357,0.021269826218485832,0.0027159389574080706,0.0007468003896065056,5.4438125516753644e-05,0.0023803021758794785,2.050727744062897e-06,0,0,0,0,0,1,0,0,0,0,1
1,17.0,97.58463287353516,1.198827703774441e-05,0.9441140294075012,0.007069601211696863,3.4987244606018066,0.012011254206299782,2.318890892638592e-06,0.07248426228761673,0.10856495797634125,0.16767938435077667,0.0304765235632658,0.04418725147843361,0.07476706057786942,0.03307570144534111,0.009407185018062592,0.005528241395950317,0.001728591974824667,1.127373252529651e-05,0.00042033541831187904,6.829405720054638e-06,0,0,0,0,0,1,0,0,0,0,1
1,17.0,97.03417205810547,1.302082364418311e-05,0.34831079840660095,0.002496849512681365,1.323580026626587,0.011795507743954659,3.9084443415049464e-07,0.04521206021308899,0.14614374935626984,0.11513431370258331,0.022565290331840515,0.038241878151893616,0.02488848753273487,0.02253379113972187,0.0049568782560527325,0.0029088545124977827,0.002381240949034691,1.336359559900302e-06,0.00012165554653620347,5.338809387467336e-06,0,0,0,0,0,1,0,0,0,0,1
1,62.00000000000001,97.43477630615234,7.768766408844385e-06,0.09877702593803406,0.007430404890328646,2.5214650630950928,0.1053919643163681,1.1006435585159124e-07,0.009459080174565315,0.09469733387231827,0.12745441496372223,0.04472207650542259,0.013871480710804462,0.1795133799314499,0.09300529211759567,0.00496568251401186,0.004088525660336018,0.001831948640756309,2.7423828214523382e-05,0.0004521264636423439,1.816570375012816e-06,0,0,0,0,0,1,0,0,0,0,1
1,62.00000000000001,98.43962097167969,0.0010412957053631544,0.4977034330368042,0.000968520063906908,0.158778578042984,0.0987061858177185,4.137995802011574e-06,0.10225659608840942,0.4100494086742401,0.06148621439933777,0.0425536222755909,0.0040735541842877865,0.021103249862790108,0.45808494091033936,0.0025027019437402487,0.01486918143928051,0.0017640856094658375,1.9896349840564653e-05,0.005115548148751259,8.957684372035146e-07,0,0,0,0,0,1,0,0,0,0,1
1,62.00000000000001,98.30521392822266,7.187174924183637e-05,0.287102609872818,0.04047765955328941,0.06354518979787827,0.0062913792207837105,3.853666328268446e-07,0.5851197242736816,0.17689922451972961,0.04065093398094177,0.010287192650139332,0.002942507853731513,0.007831732742488384,0.007225819863379002,0.0013769197976216674,0.009424093179404736,0.0037008863873779774,8.401462423535122e-07,0.001750533003360033,3.2972043300105724e-06,0,0,0,0,0,1,0,0,0,0,1
1,62.00000000000001,98.63697052001953,0.00010707446199376136,0.10709164291620255,0.008716163225471973,0.06828626990318298,0.0011077247327193618,3.986755245932727e-07,0.9886313080787659,0.11079979687929153,0.10781201720237732,0.035289064049720764,0.0014132007490843534,0.014382789842784405,0.0021987915970385075,0.001733690034598112,0.03469438850879669,0.0025238054804503918,7.408878559544974e-07,0.0008723612991161644,1.6711617263354128e-06,0,0,0,0,0,1,0,0,0,0,1
1,62.00000000000001,98.68341064453125,0.0001576938811922446,0.3723675310611725,0.07983598113059998,0.2515339255332947,0.050506915897130966,2.0522564227576368e-05,0.022519659250974655,0.3550247848033905,0.08323578536510468,0.02493753843009472,0.003090998623520136,0.04038509726524353,0.3605593144893646,0.006174433045089245,0.08110667765140533,0.0030079565476626158,2.8919186661369167e-05,0.002775399712845683,4.732179604616249e-06,0,0,0,0,0,1,0,0,0,0,1
1,62.00000000000001,98.56327819824219,0.0021806927397847176,0.19723328948020935,0.07260369509458542,2.186718225479126,0.20320215821266174,3.61335369234439e-05,0.13029898703098297,0.5326353907585144,0.0460396334528923,0.05599527060985565,0.002715876791626215,0.0903220847249031,0.05356942489743233,0.01102103665471077,0.026019612327218056,0.005409067030996084,1.7762813513400033e-05,0.0026853373274207115,1.281223944715748e-06,0,0,0,0,0,1,0,0,0,0,1
1,62.00000000000001,98.3363037109375,3.1287738238461316e-05,0.22748488187789917,0.049294739961624146,0.3631606996059418,0.008244494907557964,4.433379672263982e-06,0.6233352422714233,0.10968825966119766,0.12137798964977264,0.045760612934827805,0.005524436477571726,0.0360901802778244,0.026031872257590294,0.0019529927521944046,0.027597784996032715,0.004201014060527086,4.195157998765353e-06,0.001073080813512206,2.1018793177063344e-06,0,0,0,0,0,1,0,0,0,0,1
0,62.00000000000001,88.62556457519531,3.7055048096590326e-07,91.46106719970703,5.8165172678315e-10,0.00043308851309120655,5.109965783844928e-10,3.438564266221994e-13,99.89035034179688,0.02098296582698822,5.3291015625,2.4887256586225703e-05,2.054588094324572e-06,1.84672784876716e-12,1.0310261249542236,4.1927222582671675e-08,99.98295593261719,0.002287256298586726,14.340675354003906,4.672931754612364e-05,99.37759399414062,0,0,1,0,0,0,0,0,1,0,1
0,62.00000000000001,96.62491607666016,5.83439577894751e-06,2.509404420852661,0.00020411066361702979,0.1740489900112152,2.6502223014831543,6.033611388289728e-10,0.005451020784676075,0.34436896443367004,0.32916057109832764,0.0032071450259536505,0.003118617692962289,3.373225688934326,0.014383050613105297,0.012989996932446957,6.494260787963867,0.0011342993238940835,0.001680950284935534,0.0011515591759234667,2.7900402983505046e-06,0,0,1,0,0,0,0,0,1,0,1
0,62.00000000000001,90.88148498535156,2.008804074193904e-07,59.73501205444336,0.032939787954092026,0.7224886417388916,23.701066970825195,9.980150386668107e-13,0.016650093719363213,0.07924726605415344,0.3880034387111664,0.0009508251678198576,0.00010681775165721774,15.724343299865723,0.005426768213510513,0.25521746277809143,0.9169180989265442,0.00031246457365341485,0.0005963164148852229,0.003442754503339529,4.882308530795854e-07,1,0,0,0,0,0,1,0,1,0,1
0,62.00000000000001,96.9498291015625,7.438854936481221e-07,60.85823059082031,0.533778190612793,0.057208891957998276,1.1524032354354858,1.8985828464934684e-09,0.10083878040313721,1.952653169631958,0.11615194380283356,0.004810360725969076,0.0007650264888070524,6.0237040519714355,0.11170060932636261,0.00824801716953516,0.20252254605293274,0.0002457265218254179,0.0005657567526213825,0.0016576716443523765,6.969987111915543e-07,1,0,0,0,0,0,1,0,1,0,1
0,62.00000000000001,97.17816925048828,3.695721773055993e-07,30.5230712890625,0.04879624769091606,0.025676274672150612,0.6543082594871521,2.3586874675629588e-08,0.11500426381826401,1.2698132991790771,0.1286192685365677,0.012137163430452347,0.0002759303606580943,8.64716625213623,0.023630855605006218,0.030804337933659554,0.21917641162872314,0.0007629732717759907,0.0009354745270684361,0.002472371095791459,6.885355787744629e-07,1,0,0,0,0,0,1,0,1,0,1
0,62.00000000000001,96.78712463378906,3.826305146503728e-06,2.7692689895629883,0.04611418768763542,0.11715267598628998,96.58218383789062,4.171289802457068e-08,30.0654296875,0.33095934987068176,0.0339689701795578,0.014286290854215622,2.3420357138093095e-06,48.03019332885742,0.00015187838289421052,47.17750930786133,0.06060101464390755,0.0003123334900010377,2.7011988162994385,1.1624354124069214,3.3502232099635876e-08,1,0,0,0,0,0,1,0,1,0,1
0,62.00000000000001,96.78712463378906,3.826305146503728e-06,2.7692689895629883,0.04611418768763542,0.11715267598628998,96.58218383789062,4.171289802457068e-08,30.0654296875,0.33095934987068176,0.0339689701795578,0.014286290854215622,2.3420357138093095e-06,48.03019332885742,0.00015187838289421052,47.17750930786133,0.06060101464390755,0.0003123334900010377,2.7011988162994385,1.1624354124069214,3.3502232099635876e-08,1,0,0,0,0,0,1,0,1,0,1
0,62.00000000000001,97.97345733642578,5.901959593757056e-05,43.45286178588867,0.16328412294387817,38.44377899169922,99.96598052978516,1.589315345995601e-08,0.010337659157812595,3.3363356590270996,0.044548798352479935,0.008700419217348099,6.669643335044384e-05,97.76127624511719,0.003365290816873312,99.99671936035156,0.1352108120918274,0.00013008453242946416,0.008556709624826908,1.0873197317123413,6.853170031462241e-09,1,0,0,0,0,0,1,0,1,0,1
0,62.00000000000001,98.7558364868164,1.3757933174929349e-06,10.984712600708008,0.012758083641529083,0.003298440482467413,1.3311820030212402,5.916448442278011e-10,1.3677301406860352,0.6159676313400269,1.203749418258667,0.002079926896840334,0.00021265805116854608,0.5839072465896606,0.04566170275211334,0.014449472539126873,3.7948992252349854,0.00015717634232714772,0.002237612148746848,0.025418004021048546,1.353628817923891e-07,1,0,0,0,0,0,1,0,1,0,1
0,7.857142857142858,98.02628326416016,1.4284943063103128e-05,2.7699716091156006,0.00062103959498927,0.025636892765760422,0.5070124864578247,1.8976803461967506e-10,20.43370246887207,0.610892117023468,1.507164478302002,0.005465913098305464,8.846488344715908e-05,0.33969172835350037,0.010900132358074188,0.002703365171328187,0.6617314219474792,0.0003710546297952533,0.00844614952802658,0.1408318281173706,1.1272072697465774e-06,1,0,0,0,0,0,1,0,1,0,1
0,7.857142857142858,96.31472778320312,1.7669545968601597e-06,1.3744369745254517,0.639845073223114,0.017445582896471024,0.33846884965896606,7.45386330436304e-08,2.16713809967041,0.12507447600364685,1.0415713787078857,0.023434733971953392,0.00038102359394542873,0.3677193224430084,0.04856101796030998,0.0038262740708887577,2.118415355682373,0.0007922369404695928,0.006014381069689989,0.03977636620402336,1.491047100898868e-06,1,0,0,0,0,0,1,0,1,0,1
0,7.857142857142858,96.01904296875,3.6573062800471234e-08,40.898502349853516,0.0020207706838846207,12.229583740234375,29.422632217407227,4.803932251995491e-10,2.0378308296203613,0.42984288930892944,0.3077787458896637,0.002478038426488638,0.0070755500346422195,0.09870694577693939,0.10985009372234344,0.023515736684203148,0.20693916082382202,0.0027615688741207123,0.009594189934432507,0.0149450758472085,5.808380137750646e-06,1,0,0,0,0,0,1,0,1,0,1
0,7.857142857142858,97.54218292236328,1.2418124242685735e-05,27.076274871826172,0.02710057608783245,0.2556683123111725,2.466050148010254,1.0990862083296027e-12,0.010475474409759045,30.3289852142334,0.1134495958685875,0.0005727352108806372,0.0007393144769594073,1.185958981513977,0.02932053431868553,0.1324741691350937,0.2741551995277405,3.1249775929609314e-05,0.006278643384575844,0.4246092438697815,1.9693904107498383e-07,1,0,0,0,0,0,1,0,1,0,1
0,7.857142857142858,98.69821166992188,3.3125218124041567e-06,10.224658966064453,0.2669658660888672,0.14248467981815338,15.49971866607666,1.5820552334844251e-06,52.918087005615234,0.05642876401543617,0.18937818706035614,0.0006902794702909887,0.0002436615468468517,5.564406394958496,1.1211944818496704,3.2055091857910156,0.1649276465177536,0.0005933874635957181,0.08143860846757889,0.1080654188990593,1.2094754708869004e-07,1,0,0,0,0,0,1,0,1,0,1
0,7.857142857142858,98.23033142089844,1.6662125972288777e-06,5.622895240783691,0.00982273742556572,0.3033308684825897,0.2158508449792862,7.314504557598411e-08,4.776206016540527,0.11273813247680664,0.05416116490960121,0.0006021108711138368,0.0002075383672490716,0.0022916379384696484,0.03414208069443703,8.587172508239746,0.26151788234710693,0.00023500558745581657,0.011842097155749798,0.011989841237664223,7.2720519028735e-07,1,0,0,0,0,0,1,0,1,0,1
0,7.857142857142858,98.42716979980469,2.9690932024095673e-06,10.865256309509277,0.029503222554922104,0.3820743262767792,0.86008620262146,4.61975133703163e-08,11.019804000854492,0.11965204030275345,0.03897339105606079,0.003826332278549671,0.004310315474867821,11.810820579528809,0.014292243868112564,0.180167093873024,0.003086318261921406,0.00036266111419536173,0.07378855347633362,0.13131093978881836,7.529761205660179e-06,1,0,0,0,0,0,1,0,1,0,1
0,7.857142857142858,98.7492446899414,4.272706064512022e-06,9.146462440490723,0.5220922827720642,0.39651939272880554,4.40535306930542,1.1112453535133682e-07,11.895557403564453,0.051734987646341324,0.08520066738128662,0.0009406901663169265,0.0036469181068241596,9.623022079467773,0.007678851950913668,3.7119719982147217,0.06472831964492798,0.00048748156405054033,0.16134683787822723,0.9494655728340149,1.5000740205550755e-08,1,0,0,0,0,0,1,0,1,0,1
0,7.857142857142858,98.4626235961914,0.011496943421661854,0.004762130323797464,89.3008041381836,0.11754961311817169,0.15750403702259064,0.003922387026250362,0.19333158433437347,0.015253791585564613,0.049725115299224854,2.8783047199249268,0.0001766980130923912,1.2717266082763672,0.00035552112967707217,2.464569091796875,0.22952722012996674,0.0418141670525074,41.985595703125,0.04189246520400047,6.215668690856546e-07,1,0,0,0,0,0,1,0,1,0,1
0,7.857142857142858,98.08478546142578,0.0014276992296800017,0.4281368553638458,3.4042768478393555,0.05577564984560013,0.12109413743019104,3.6089413697482087e-06,46.075538635253906,0.003994280006736517,0.11659752577543259,0.01506432332098484,0.00024879549164325,1.1780263185501099,0.0025495539885014296,0.20522011816501617,0.14182640612125397,0.007307267747819424,6.762420177459717,0.4453793466091156,1.0515803694488568e-07,1,0,0,0,0,0,1,0,1,0,1
0,7.857142857142858,97.90251922607422,0.00014241145981941372,4.75944185256958,0.02670147456228733,0.1649578958749771,0.39625316858291626,9.508027254412355e-09,0.012582105584442616,1.2688183784484863,0.07148515433073044,0.0014522757846862078,0.0023484525736421347,0.6370901465415955,0.002866690047085285,0.18829761445522308,0.1100177988409996,0.0007289514760486782,0.25211280584335327,0.2829340696334839,7.732688089845396e-08,1,0,0,0,0,0,1,0,1,0,1
0,7.857142857142858,98.52442169189453,0.0012912482488900423,0.04396974667906761,39.32467269897461,0.17390207946300507,0.14972271025180817,0.004193800967186689,0.021346135064959526,0.005026571452617645,1.008581519126892,0.20821532607078552,0.00017594452947378159,0.2882123589515686,0.012572703883051872,3.579852342605591,0.3706624209880829,0.043679170310497284,44.64704513549805,0.4196680784225464,3.704676032612042e-08,1,0,0,0,0,0,1,0,1,0,1
0,7.857142857142858,98.48066711425781,0.0004959735088050365,0.22529232501983643,1.801731824874878,0.0676402822136879,0.17037838697433472,0.002218823414295912,1.7062989473342896,0.017270242795348167,0.5316601395606995,0.3191821575164795,0.00021463193115778267,0.5211431384086609,0.014072640798985958,0.7384921312332153,0.33284634351730347,0.026250723749399185,34.30724334716797,0.49151042103767395,4.0704669856950204e-08,1,0,0,0,0,0,1,0,1,0,1
0,0.9230769230769231,98.676513671875,0.008209566585719585,0.0989469438791275,0.8932575583457947,0.0978538915514946,0.06636135280132294,0.0002337690384592861,0.06942525506019592,0.0558818057179451,0.06481971591711044,0.6262571811676025,0.0003542806953191757,0.1969853639602661,0.006927658338099718,0.4439677596092224,0.11611411720514297,0.027978090569376945,8.514163970947266,0.3008187413215637,5.958673554573579e-08,1,0,0,0,0,0,1,0,1,0,1
0,0.9230769230769231,98.64833068847656,0.0004326500929892063,0.09615673124790192,0.3541325330734253,0.01977698504924774,0.056969206780195236,0.0013187562581151724,0.6034245491027832,0.03218238428235054,0.06160152703523636,0.11053666472434998,0.0001921451184898615,0.16507259011268616,0.004952544812113047,1.4413821697235107,0.0789816677570343,0.020853325724601746,4.56658935546875,0.5698903799057007,3.023662387136028e-08,1,0,0,0,0,0,1,0,1,0,1
1,0.9230769230769231,95.53514862060547,1.1033117516490165e-05,0.9293486475944519,0.0010644550202414393,3.905734062194824,0.01154007576406002,7.754151738481596e-07,0.04708396643400192,5.976912975311279,0.6806451082229614,0.04789501428604126,18.808265686035156,0.024436790496110916,90.12983703613281,0.0018697499763220549,0.145149365067482,0.002520844340324402,7.736669795121998e-05,0.0005602663150057197,2.9422758416330907e-06,0,0,0,0,0,1,0,0,0,0,1
1,0.9230769230769231,97.5102310180664,2.910753664764343e-07,5.234051704406738,0.00010382269829278812,2.8372392654418945,0.012392602860927582,3.14321312033794e-11,0.24126043915748596,0.4447357654571533,0.4138210415840149,0.0007179267704486847,21.49858283996582,0.03375978395342827,7.338295936584473,0.0009220691281370819,0.10707521438598633,0.00021650621783919632,1.726609843899496e-05,8.681174949742854e-05,2.3622772005182924e-07,0,0,0,0,0,1,0,0,0,0,1
1,0.9230769230769231,98.51696014404297,8.263769268523902e-05,0.34762412309646606,0.5632687211036682,0.05792135372757912,0.06633457541465759,2.9205762075434905e-06,1.8418166637420654,0.1277998834848404,1.1550356149673462,0.024541441351175308,22.276405334472656,0.569250762462616,65.9877700805664,0.017988765612244606,0.09914299100637436,0.005559316370636225,1.591706313774921e-05,0.0008271609549410641,1.0336296440982551e-07,0,0,0,0,0,1,0,0,0,0,1
1,0.9230769230769231,98.51696014404297,8.263769268523902e-05,0.34762412309646606,0.5632687211036682,0.05792135372757912,0.06633457541465759,2.9205762075434905e-06,1.8418166637420654,0.1277998834848404,1.1550356149673462,0.024541441351175308,22.276405334472656,0.569250762462616,65.9877700805664,0.017988765612244606,0.09914299100637436,0.005559316370636225,1.591706313774921e-05,0.0008271609549410641,1.0336296440982551e-07,0,0,0,0,0,1,0,0,0,0,1
1,0.9230769230769231,98.51696014404297,8.263769268523902e-05,0.34762412309646606,0.5632687211036682,0.05792135372757912,0.06633457541465759,2.9205762075434905e-06,1.8418166637420654,0.1277998834848404,1.1550356149673462,0.024541441351175308,22.276405334472656,0.569250762462616,65.9877700805664,0.017988765612244606,0.09914299100637436,0.005559316370636225,1.591706313774921e-05,0.0008271609549410641,1.0336296440982551e-07,0,0,0,0,0,1,0,0,0,0,1
1,0.9230769230769231,98.65097045898438,0.010482309386134148,0.16380982100963593,3.476792573928833,0.16817155480384827,22.078529357910156,1.6698553508831537e-06,0.06144596263766289,0.2840229272842407,0.6468161344528198,0.07963656634092331,3.412510871887207,19.332311630249023,90.63895416259766,0.2186400145292282,0.5347015261650085,0.009938247501850128,0.0001250998757313937,0.0032646791078150272,3.4108589375136944e-07,0,0,0,0,0,1,0,0,0,0,1
1,0.9230769230769231,97.7763671875,0.0024337603244930506,0.05554799735546112,0.9472121596336365,0.09569533169269562,32.612396240234375,1.7434889741707593e-05,0.15702186524868011,0.04343906790018082,0.4355982840061188,0.04325611889362335,6.3067450523376465,34.582916259765625,3.3485002517700195,0.39392560720443726,0.1500130444765091,0.01706840470433235,4.612245902535506e-06,0.0012665813555940986,3.6805573472520337e-05,0,0,0,0,0,1,0,0,0,0,1
1,0.9230769230769231,98.7683334350586,0.27775299549102783,0.06181814894080162,9.04218864440918,0.1989852637052536,82.5792236328125,5.809133654111065e-05,0.011814993806183338,0.22855600714683533,0.13627898693084717,0.1061558723449707,1.2653584480285645,39.805206298828125,13.075769424438477,3.585564613342285,0.08092106133699417,0.01062798872590065,3.504775668261573e-05,0.011688106693327427,0.0004742901073768735,0,0,0,0,0,1,0,0,0,0,1
1,0.9230769230769231,98.23751068115234,8.864173287292942e-05,39.42578125,3.238897932078544e-07,40.93537139892578,0.04390694200992584,1.6698566357789546e-12,0.018664030358195305,0.3862767517566681,0.04659591242671013,0.00032891944283619523,0.05196148529648781,0.07442215085029602,0.4167134463787079,2.1152967747184448e-05,0.026602577418088913,8.399992942810059,6.103965461079497e-06,0.003276875941082835,0.009201214648783207,0,0,0,0,0,1,0,0,0,0,1
1,38.0,98.1890640258789,1.8350445998294163e-06,18.34214973449707,0.001898650429211557,23.70991325378418,0.037068985402584076,9.988483498091227e-07,1.0624630451202393,0.16491416096687317,0.02513873390853405,0.11507904529571533,0.007643566001206636,0.06841837614774704,0.11152671277523041,0.00012288210564292967,2.5954332159017213e-05,66.01408386230469,0.0010950553696602583,0.06363552063703537,99.93450164794922,0,0,0,0,0,1,0,0,0,0,1
1,38.0,97.91542053222656,0.0007274854579009116,0.29457131028175354,0.26636436581611633,0.8383454084396362,18.792078018188477,5.640676317852922e-05,0.12250060588121414,0.053812820464372635,0.07372111082077026,0.07292672991752625,0.04346584528684616,64.98513793945312,0.2813434302806854,0.15436367690563202,0.018993226811289787,0.009777916595339775,4.59806906292215e-05,0.005034686531871557,0.0005930378683842719,0,0,0,0,0,1,0,0,0,0,1
1,38.0,97.91542053222656,0.0007274854579009116,0.29457131028175354,0.26636436581611633,0.8383454084396362,18.792078018188477,5.640676317852922e-05,0.12250060588121414,0.053812820464372635,0.07372111082077026,0.07292672991752625,0.04346584528684616,64.98513793945312,0.2813434302806854,0.15436367690563202,0.018993226811289787,0.009777916595339775,4.59806906292215e-05,0.005034686531871557,0.0005930378683842719,0,0,0,0,0,1,0,0,0,0,1
1,38.0,98.45743560791016,0.0007181897526606917,0.18639570474624634,0.0007865163497626781,0.009568543173372746,15.910306930541992,3.911781121246349e-09,0.13299386203289032,0.00927380658686161,0.07274775207042694,0.0003101414768025279,0.004598316270858049,7.68144416809082,0.06559769809246063,0.7329415678977966,0.04064729064702988,0.0013503936352208257,9.700370640075562e-08,0.0004386522632557899,0.00010505523096071556,0,0,0,0,0,1,0,0,0,0,1
1,38.0,98.45743560791016,0.0007181897526606917,0.18639570474624634,0.0007865163497626781,0.009568543173372746,15.910306930541992,3.911781121246349e-09,0.13299386203289032,0.00927380658686161,0.07274775207042694,0.0003101414768025279,0.004598316270858049,7.68144416809082,0.06559769809246063,0.7329415678977966,0.04064729064702988,0.0013503936352208257,9.700370640075562e-08,0.0004386522632557899,0.00010505523096071556,0,0,0,0,0,1,0,0,0,0,1
1,38.0,98.4848403930664,0.0009977917652577162,0.278180330991745,0.0045796604827046394,0.025103524327278137,1.5101118087768555,2.424139777801315e-10,0.009727602824568748,0.29996606707572937,0.1220855712890625,0.0017196065746247768,0.005760472267866135,1.4762877225875854,0.05156398564577103,0.3762388527393341,0.0939326211810112,0.0015703560784459114,4.1817747842287645e-07,0.00013205937284510583,6.183611276355805e-07,0,0,0,0,0,1,0,0,0,0,1
1,38.0,98.4848403930664,0.0009977917652577162,0.278180330991745,0.0045796604827046394,0.025103524327278137,1.5101118087768555,2.424139777801315e-10,0.009727602824568748,0.29996606707572937,0.1220855712890625,0.0017196065746247768,0.005760472267866135,1.4762877225875854,0.05156398564577103,0.3762388527393341,0.0939326211810112,0.0015703560784459114,4.1817747842287645e-07,0.00013205937284510583,6.183611276355805e-07,0,0,0,0,0,1,0,0,0,0,1
